0 15
146087 146022 145281 145186 145236 146082 146653 147015 147088 147174 147253 143858 143704 141442 137207 
1 6
60962 56067 53900 48460 39595 33326 
2 19
97855 98085 98681 99277 99467 100209 100629 101049 101056 101048 101553 101661 102328 103135 103190 103619 103721 103602 103342 
3 14
150877 136804 139227 140876 140720 139630 126240 126219 124188 125306 125207 125003 124435 125551 
4 32
172688 172904 173474 174230 174296 175130 580 1377 2293 2984 3783 3992 4705 5594 5659 5947 5948 5858 5525 4379 6189 6470 8097 9309 8987 8354 6689 3177 1748 174600 165022 163749 
5 29
130839 122703 114662 113274 117543 117062 116977 116906 111582 103324 105968 107506 108599 109034 109106 109923 110281 110584 111426 114564 115859 116827 124316 127020 127092 127175 127318 132778 154862 
6 29
4746 173476 171493 171442 170975 170349 169724 169178 167648 167197 167257 166811 166232 166116 165135 165424 167270 167953 166771 164910 164409 156658 152466 151489 151253 151243 151459 151701 151788 
7 18
159739 160302 160590 160650 160903 161881 162248 162522 163140 163263 165426 166274 167382 170677 171705 173394 8132 8082 
8 35
163749 165022 174600 1748 3177 6689 8354 8987 9309 8097 6470 6189 4379 5525 5858 7207 7616 8121 8856 9699 19824 21731 23821 24182 28888 31131 31362 31457 32041 31458 31093 33189 66541 68536 65849 
9 14
97855 98085 98681 99277 99467 100209 100629 101049 101056 100792 100944 101241 101504 101266 
10 20
10490 10153 10794 10719 15080 15581 16484 20361 21020 22896 24259 24345 27887 25818 26435 29300 28157 27740 21132 21395 
11 35
105716 104056 102987 102069 96113 97580 97489 111223 111403 116347 117036 122743 126016 130048 132931 137080 145011 147954 151040 154231 155870 156194 156598 163259 164592 3659 11053 15148 20610 22915 20538 19183 172562 170376 169754 
12 15
137353 139342 142804 147351 147253 147174 147088 147015 146653 146082 145236 145186 145281 146022 146087 
13 35
62929 64557 77462 76629 72200 71279 70693 70115 69998 70023 73713 75523 76343 76943 78249 78675 79669 80214 80964 81239 81481 83142 89886 94136 98587 98873 115097 115282 115670 115771 115839 127827 119382 102040 84054 
14 33
163749 165022 174600 1748 3177 6689 8354 8987 9309 8097 6470 6189 4379 5525 5858 5948 5947 4996 4289 3476 1881 1812 976 817 743 667 661 70 173808 171277 170035 169899 169941 
15 33
105716 104056 102987 102069 96113 97580 97489 111223 111403 116347 117036 122743 126016 130048 132931 137080 145011 147954 151040 154231 155870 156194 156598 163259 164592 3659 11053 15148 20610 22915 20538 19183 21028 
16 8
137247 137411 138982 139099 139162 139376 140166 139270 
17 41
84228 79142 73408 73035 70731 70472 55237 50667 47634 47522 40882 39881 36476 32035 24950 23983 11324 2461 173619 171910 166194 166080 164302 164131 156638 152833 152703 147910 147597 146524 144754 144445 144193 140790 137535 130271 129725 129574 128510 130631 130269 
18 51
132262 132203 131423 131223 130234 130149 129798 128722 128508 127612 126276 127542 129619 131383 131976 133334 134814 134877 135902 135961 137050 137375 137465 137508 137683 139580 139203 138558 138352 138219 138049 137924 137830 137651 137491 136978 137208 137341 137158 137653 138085 138458 138776 139127 139545 140491 140945 142040 142347 142723 143946 
19 28
139270 140166 140773 141117 141209 141394 142003 142096 142309 142848 143104 143422 143890 144474 144656 145076 145481 145531 145889 146025 146258 146626 146752 147036 147180 147666 148856 151413 
20 39
146087 146022 145281 145186 145236 146082 146653 147015 147088 147174 147253 147351 147417 147547 147554 146660 146550 146046 145251 144987 144110 143309 141648 141541 141264 142020 142672 142781 142954 143805 142478 141926 141287 141107 140953 138694 137293 137246 137247 
21 39
101313 100752 100227 100503 100732 100283 99336 101888 102206 103274 105211 105292 105656 105912 106179 106690 107178 107455 107649 107839 108035 108317 108621 108844 109225 109082 108846 109006 109374 109897 110858 111462 111766 112352 113323 112725 112211 111709 112119 
22 55
97855 98085 98681 99277 99467 100209 100629 101049 101056 101048 101553 101661 102328 103135 103190 103619 103721 103962 104384 104735 105104 105604 105993 106398 106818 107310 107785 108309 108937 108520 108983 108888 109572 111232 113367 113397 118945 120111 120403 124955 126534 130211 130640 130334 130304 130246 130176 130049 129972 130279 130534 130025 129563 129525 128778 
23 39
154862 132778 127318 127175 127092 127020 124316 116827 110678 109519 107816 106618 106516 106072 105248 104881 104174 103416 102912 102550 102228 101865 101548 101985 104110 107359 108206 108617 108599 107506 105968 103324 100073 96779 96755 93325 93086 89237 91162 
24 53
141054 141392 142005 141723 139744 140215 139048 136536 136249 135956 135593 134917 132250 132168 131558 131294 131065 130745 130654 129075 128580 126921 126411 122450 121138 119823 118759 117363 117011 115788 115277 115093 114684 110982 110692 109863 109292 109207 107767 107317 107248 106743 106058 105454 105062 104811 102866 102115 102229 102062 101065 101085 100753 
25 29
154862 132778 127318 127175 127092 127020 124316 116827 115859 114564 111426 110584 110281 109923 109106 109034 108599 107506 105968 103324 111582 116906 116977 117062 117543 113274 114662 122703 130839 
26 56
145202 145282 145431 146274 147242 147338 149586 149366 149513 149558 149820 150096 150260 149928 149656 149723 149845 150855 152393 152984 153512 153552 154009 153675 153491 153618 154066 154123 154125 154112 154094 154062 153817 154026 154047 153815 153635 153221 153638 153700 154092 154172 154884 153853 152413 151843 151411 151148 150646 151136 149894 149270 149360 148831 148220 148266 
27 55
133481 131624 117720 117543 117062 116977 116906 111582 108093 104843 102073 101909 100941 98967 91162 89237 88894 87412 86858 82328 81408 78895 77767 77445 77046 75452 74462 73062 72785 72316 70366 67394 67064 64323 64476 64324 64248 64153 63923 63399 63324 62045 61956 61447 60518 59641 59624 59923 61814 61957 62211 65478 65806 80635 92539 
28 11
150877 136804 139227 140876 140720 139630 126240 126219 124188 123312 125285 
29 8
139270 140166 139376 139162 139099 138982 137411 137247 
30 19
139627 141541 141648 143309 144110 144987 145251 146046 146550 146660 147554 147547 147417 147351 147253 143858 143704 141442 137207 
31 66
147666 147180 147036 146752 146626 146258 146025 145889 145531 145481 145076 144656 144474 143890 143422 143104 142848 142309 142096 142003 141394 141209 141117 140773 140166 139376 139162 139099 138982 138680 138585 138694 140782 141044 141926 142478 143805 142954 142781 142672 142020 141264 141541 141648 143309 144110 144987 145251 146046 146550 146660 147554 147547 147417 147351 147253 147174 147088 147015 146653 146082 145236 145186 145281 146022 146087 
32 28
151413 148856 147666 147180 147036 146752 146626 146258 146025 145889 145531 145481 145076 144656 144474 143890 143422 143104 142848 142309 142096 142003 141394 141209 141117 140773 140166 139270 
33 35
97855 98085 98681 99277 99467 100209 100629 101049 101056 101048 101553 101661 102328 103135 103190 103619 103721 103962 104384 104735 105104 105486 105870 106293 106817 107181 107771 108888 109572 111232 113367 113397 118945 120111 120403 
34 43
163200 153201 153053 150544 150237 151344 149950 145655 145643 144974 149310 159779 162836 168008 169136 169436 174339 13188 15026 15381 15638 15928 17235 22012 22724 25530 25782 25880 29263 29697 29630 29503 29956 32762 36837 39158 39242 39582 55430 61292 67419 68707 68767 
35 47
97489 111223 111403 116347 117036 122743 126016 130048 132931 137080 145011 147954 151040 154231 155870 156194 156598 163259 164592 164869 164153 162355 158534 158681 158797 157824 157430 157715 158102 159088 157982 158039 158819 158110 158002 158570 159072 159746 161741 160701 162709 165533 164305 164180 150053 149367 149835 
36 24
97855 98085 98214 98475 98782 99278 99871 101051 101052 101053 101054 101055 101093 101607 104217 103253 102884 102670 102329 102201 101135 100122 98929 98977 
37 29
154862 132778 127318 127175 127092 127020 124316 116827 115859 114564 111426 110584 110281 109923 109106 109034 108599 107506 105968 103324 111582 116906 116977 117062 117543 113274 114662 122703 130839 
38 41
154862 132778 127318 127175 127092 127020 124316 116827 110678 109519 107816 106385 106279 106018 105552 105370 105162 105088 105369 106981 108373 109007 109554 110979 114047 115666 118081 121941 124435 125003 125207 125306 124188 126219 126240 139630 140720 140876 139227 136804 150877 
39 72
96846 79667 74474 69242 71551 60681 47697 46987 39636 37631 36696 35466 36951 37630 38388 38479 39013 39351 39862 41771 42956 44216 44688 45206 45888 50476 53932 54598 52208 49728 48081 44942 43884 41727 39175 38885 38723 38561 38281 36762 34370 34191 37058 39487 40756 42279 44944 46067 46448 46469 47878 48513 50140 50739 51505 54904 57217 57750 60489 63315 67478 67693 69053 77843 76545 75827 72392 66997 67152 73251 87270 87209 
40 50
95380 95966 95917 95918 96245 96596 96948 97043 97661 97581 98129 98680 99075 99468 99913 100038 100361 101054 101053 101052 101051 101050 101049 101056 101048 101553 101661 102328 103135 103190 103619 103721 103962 104384 104735 105104 105486 105870 106293 106817 107181 107771 108888 109572 111232 113367 113397 118945 120111 120403 
41 28
12870 174573 173845 171297 170271 163366 162188 162345 162337 162097 161932 166271 168838 175232 2102 3466 3825 7706 49817 52751 54850 72192 73719 74871 81772 88776 89596 90816 
42 16
91396 89547 84153 77910 76128 75683 73306 70956 70241 69582 66102 65885 65299 65051 66351 66840 
43 36
146087 146022 145281 145186 145236 146082 146653 147015 147088 147174 147253 147351 147417 147547 147554 146660 146550 146046 145251 144987 144110 143309 141648 141541 141264 142020 142672 142781 142954 143805 142478 141926 141044 140782 138694 137293 
44 24
35847 29960 21483 29697 29630 29503 29956 32762 36837 39158 39242 42592 49356 50097 52066 66082 67583 67543 67070 66913 65478 65806 80635 92539 
45 43
139270 140166 139376 139162 139099 138982 138680 138585 138694 140782 141044 141926 142478 143805 142954 142781 142672 142020 141264 141541 141648 143309 144110 144987 145251 146046 146550 146660 147554 147547 147417 147351 147253 147174 147088 147015 146653 146082 145236 145186 145281 146022 146087 
46 39
131456 127409 131042 138099 140790 144193 144445 144754 146524 147597 147910 148152 147774 159453 163891 169000 2461 11324 23983 24950 32035 36476 39881 40882 47522 47634 50667 55237 57495 67264 68147 68148 67925 69726 71798 75709 73334 74992 77146 
47 68
76936 75820 74886 73781 70317 70132 69499 63787 62789 51220 43208 31106 30360 21445 19638 18814 17414 16187 15688 14057 13191 13175 13132 13115 13116 13070 13034 12968 12724 13302 13828 17468 18675 19079 20106 21010 21977 23044 23779 24409 26838 27945 28204 28360 28447 29597 33247 39622 40999 42957 47140 51053 52775 59395 60822 60603 60531 59229 57305 56253 57576 58074 66512 65891 66511 71997 72263 73093 
48 50
95380 95966 95917 95918 96245 96596 96948 97043 97661 97581 98129 98680 99075 99468 99913 100038 100361 101054 101053 101052 101051 101050 101049 101056 101048 101553 101661 102328 103135 103190 103619 103721 103962 104384 104735 105104 105486 105870 106293 106817 107181 107771 108888 109572 111232 113367 113397 118945 120111 120403 
49 68
67938 68849 72458 70657 70011 68927 69143 70741 71161 70010 67723 69276 64453 55425 57870 55958 56637 56779 56903 57176 57086 55157 53361 53360 53276 53005 52632 52532 51349 48947 44812 45154 45153 44248 43581 43497 43058 39583 34417 33771 31457 31362 31131 28888 24182 23821 21731 19824 9699 8856 8121 7616 7207 5858 5525 4379 6189 6470 8097 9309 8987 8354 6689 3177 1748 174600 165022 163749 
50 33
137247 137411 138982 139099 139162 139376 140166 140773 141117 141209 141394 142003 142096 142309 142848 143104 143422 143890 144474 144656 145076 145481 145531 145889 146025 146258 146626 146752 147036 147180 147666 148856 151413 
51 69
80544 77268 77009 76547 76873 78420 77010 75828 73734 73017 72460 72206 71634 71553 70244 70317 70132 69499 63787 62789 51220 43208 31106 30360 21445 19638 18814 17414 16187 15709 14120 13445 13452 13029 10747 10263 9549 9285 9170 8838 8388 7858 7031 7355 8109 8312 9683 9912 10205 11394 12019 12773 13429 12972 14759 16570 16798 18465 18928 19865 20839 20536 20383 18368 17868 20675 28389 38755 40596 
52 43
151342 149292 150877 136804 139227 140876 140720 139630 126240 126219 124188 125306 125207 125003 124435 121941 118081 115666 114047 110979 109554 109007 108373 106981 105369 105088 105162 105370 105552 106072 106516 106618 107816 109519 110678 116827 124316 127020 127092 127175 127318 132778 154862 
53 80
161835 153121 152761 152050 151113 148618 148623 148652 148676 148734 148785 148843 148943 148984 149256 149466 149503 149664 149863 149922 149954 150133 150183 150696 151332 154760 155079 155580 155733 156219 156185 155956 155775 155344 154931 154853 154553 153554 152331 151111 149301 148510 148303 146640 145248 144855 143959 143860 143774 143558 143557 143555 142621 142319 135937 136144 136110 129688 129064 128869 129836 128409 127712 119970 119031 118115 117714 113630 113631 114360 114661 114865 116215 122728 127000 127580 129718 130396 133779 134176 
54 30
131932 132386 132592 136087 142367 142948 143338 150203 150225 150184 150470 151184 156152 156601 159255 159686 161323 163613 163548 164131 164302 166080 166194 171910 173619 2461 11324 23983 24950 32035 
55 15
130839 122703 114662 113274 117543 117062 116977 116906 111582 103324 100073 96779 96755 93325 93086 
56 74
112682 113974 114955 115367 115169 116071 115874 115805 115720 111886 111557 111172 109118 107902 107943 107903 108588 112271 112559 113385 113157 111936 113483 113630 113631 114360 114661 114260 114917 114995 115855 116422 116890 116816 116678 116660 114412 114413 113788 114410 114568 114659 114759 121259 121445 124345 127515 129499 129827 129917 132156 135734 136309 136801 137592 139660 142940 142188 140263 144651 143808 142939 139645 139644 141421 144840 145653 147308 150722 157457 158372 157133 157702 158694 
57 9
56055 58592 58608 55955 55230 53821 53541 51322 51812 
58 42
128402 124742 123630 126028 122850 122808 122264 121101 117949 111734 109488 105593 106312 109022 110694 110153 113548 119067 119207 121556 121845 122464 127068 127187 127440 134006 134119 136749 138238 140618 140951 141853 143176 144324 145480 147778 149459 149761 150007 150256 151067 154855 
59 14
148694 148587 149767 150168 150256 150007 149761 149459 147778 160959 161485 162351 167662 168864 
60 8
139270 140166 139376 139162 139099 138982 137411 137247 
61 15
146087 146022 145281 145186 145236 146082 146653 147015 147088 147174 147253 143858 143704 141442 137207 
62 26
1111 549 175079 173847 168864 167662 162351 161485 159808 144324 143176 141853 140951 140618 138238 136749 134119 134006 127440 127187 130178 130155 131505 131530 134435 134219 
63 84
123621 123786 123452 123916 125454 124833 123689 123299 123286 123079 122499 121249 121151 121152 121189 121322 121474 120974 120936 118703 118491 119510 119781 120254 120900 121252 119651 119317 118097 117973 117930 115496 105696 100371 95439 95064 94631 89025 84818 81956 81424 77843 69053 67693 67478 63315 60489 57750 57217 54904 51505 50739 50140 48513 47878 46469 46448 46067 44944 42279 40756 39487 37058 35744 33116 30430 29518 28587 27185 25080 24373 23436 22446 22108 21730 22517 22671 22432 22388 22235 22239 22543 22823 22970 
64 91
115906 114857 117343 117235 116964 115847 115496 117930 117973 118097 119317 119651 121252 120900 120254 119781 119510 118491 118703 120936 120974 121474 121322 121189 121152 121151 121249 122499 123079 123286 123299 123689 124833 125454 126535 127475 129124 129251 129528 132264 132367 132413 135676 139291 141027 142382 143126 146075 147059 148259 148361 150314 152031 160248 174955 2183 12145 20302 19157 21334 24129 28095 30341 30750 31920 34297 35267 39422 42507 47304 50079 51109 51923 56100 58750 59741 63081 67203 67597 68043 71013 73497 75079 76345 79482 80752 86022 91324 95211 95967 94940 
65 36
11547 12084 11753 10301 9525 8993 8594 8586 8556 8440 8743 7001 8114 8674 7426 6013 2634 1717 53 173909 172989 171358 165511 165102 164183 157345 157370 156478 155985 148196 147557 147016 146719 146801 146547 146118 
66 45
105716 104056 102987 102069 96113 97580 97489 111223 111403 116347 117036 122743 126016 130048 132931 137080 145011 147954 151040 154231 155870 156194 156598 163259 164592 3659 11053 15148 20610 22915 20538 19183 172562 170376 171524 174073 4795 12264 12819 14830 16053 21550 31711 29267 28043 
67 53
151413 152733 154927 153526 153969 155147 157799 161404 161715 161769 162061 162597 163938 166933 167033 167259 170359 171023 172278 172561 173337 173455 173921 4179 4482 7449 7789 8164 8454 8827 10526 11384 16952 20367 21100 25450 23788 23742 26571 27053 27781 29696 29947 39215 39739 39119 48416 53321 58522 58523 57397 57042 56941 
68 61
154855 151067 150256 150007 149761 149459 147778 160959 161485 162351 167662 168864 173847 174072 1259 8817 9433 9630 9710 9769 11177 13206 14695 14128 13449 13918 14264 14520 17417 17871 17829 17795 18521 22012 22724 25530 25782 25880 29263 29697 29630 29503 29956 32762 36837 39158 39242 42592 49356 50097 52066 49226 46587 46283 45256 44763 44447 38235 27277 27551 24866 
69 56
169863 169034 168573 167192 164625 162224 161231 160952 160497 159148 158684 155844 154542 154007 153967 153730 153283 152759 150675 150356 150720 151096 152660 156000 155983 157489 159377 160909 160925 162405 164158 167467 167832 170571 171913 174968 4054 5270 5725 5229 6364 12864 17195 17607 18603 21167 22950 28088 28484 34659 36320 38049 43184 56568 56843 84270 
70 46
139627 141541 141264 142020 142672 142781 142954 143805 142478 141926 141044 140782 138694 138585 138680 138982 139099 139162 139376 140166 140773 141117 141209 141394 142003 142096 142309 142848 143104 143422 143890 144474 144656 145076 145481 145531 145889 146025 146258 146626 146752 147036 147180 147666 148856 151413 
71 92
147435 149965 156149 156447 157643 157949 162125 162164 162274 161262 161301 161553 161119 160612 161023 161968 162236 162857 163920 164635 164683 163608 164375 164645 165079 166673 167164 168031 169060 169341 169969 170304 171907 172964 174077 505 2214 3396 3173 3692 4562 4684 5436 6248 6756 6968 7223 7798 8250 8776 9215 9691 10132 10133 10130 10131 10313 10469 11144 11781 14319 19811 20757 21115 20592 20384 20180 18992 18779 18809 18907 19490 19727 19881 20080 20336 20939 22898 23001 25968 26021 25972 25912 26583 26854 27797 29436 29878 30138 30497 31076 30785 
72 69
21335 21159 20572 17693 16042 9342 14823 15428 15865 15429 16221 16336 15520 16603 19941 27931 29170 29270 29837 31418 32300 32301 33446 34473 34579 35639 35947 37303 38466 39543 40254 41415 45433 46453 47844 48576 60174 61618 61822 63325 65299 65885 66102 69582 70241 70956 73306 74534 76128 77910 84153 89547 91396 92560 104336 104386 107836 108615 118660 118817 119315 119803 119802 121006 121686 123110 123750 123954 124202 
73 16
160954 158767 157663 156281 153852 152853 152544 151850 151784 151434 149415 148945 144774 144883 145195 144210 
74 28
151413 148856 147666 147180 147036 146752 146626 146258 146025 145889 145531 145481 145076 144656 144474 143890 143422 143104 142848 142309 142096 142003 141394 141209 141117 140773 140166 139270 
75 45
103309 104056 102987 102069 96113 97580 97489 111223 111403 116347 117036 122743 126016 130048 132931 137080 145011 147954 151040 154231 155870 156194 156598 163259 164592 3659 11053 15148 20610 22915 20538 19183 172562 170376 171524 174073 4795 12264 12819 14830 16053 21550 31711 29267 28043 
76 65
92539 80635 65806 65478 62211 61957 61814 59923 59624 59641 60518 61447 61956 62045 63324 63399 63923 64153 64248 64324 64476 64323 67064 67394 70366 72316 72785 73062 74462 75452 77046 77445 77767 78895 81408 82328 86858 87412 88894 89237 93086 93325 96755 96779 100073 103324 105968 107506 108599 109034 109106 109923 110281 110584 111426 114564 115859 116827 124316 127020 127092 127175 127318 132778 154862 
77 80
90749 89835 78596 75961 75339 75197 75011 74843 74776 74540 73881 72884 72024 71160 70049 68782 68203 68063 67695 67401 66190 65740 65224 63940 62716 61551 61081 60829 60685 57841 57048 55526 53780 52587 52017 51556 50744 50522 49993 49600 48829 48117 47608 47143 46302 44865 42605 42249 39662 39040 37150 33797 32670 30602 30159 28569 26581 26212 24459 23969 22790 18108 15805 13902 499 172948 172145 171629 168078 167258 160832 158425 153487 143519 140643 139262 134494 132937 132911 139007 
78 29
154862 132778 127318 127175 127092 127020 124316 116827 115859 114564 111426 110584 110281 109923 109106 109034 108599 107506 105968 103324 111582 116906 116977 117062 117543 113274 114662 122703 130839 
79 97
97855 98085 98214 98475 98782 99278 99871 101051 101052 101053 101054 101055 101093 101607 104217 104228 105134 105290 106297 109038 109120 110995 111235 111510 111927 112206 112454 112556 112818 112861 112906 112648 112503 112413 112299 112215 112129 111954 111815 111700 111384 111333 111237 111197 111199 111201 111200 111150 111151 111238 111250 111281 111286 111336 111337 111338 111086 110366 110090 110367 111818 115026 116000 116342 117733 118796 119423 119593 120126 120651 121076 122502 122876 123556 123955 124042 124572 124987 126119 126531 126852 128385 129250 131260 131522 131791 132368 133356 133933 134004 134505 135168 135940 136992 137408 137761 140319 
80 6
62265 66426 69249 71550 76134 80200 
81 65
139946 140375 140127 139529 139467 139403 139145 138732 138360 138431 138470 140571 139981 139506 139466 140124 140483 141094 141672 142694 169787 171998 1025 1701 2872 3826 4415 4674 6518 7305 7712 9745 14296 13689 14295 13990 13862 13415 14743 15156 15430 15956 16224 16945 17117 17308 18449 18616 18785 17281 14921 10671 11133 11199 11213 11551 11286 787 4366 3601 9342 14205 11375 12133 12279 
82 51
140546 139717 139468 139308 140043 140129 140336 139169 141936 143278 143607 144034 144005 144748 150488 150982 153570 154361 155407 155720 157281 157315 157839 157658 157586 157423 157446 157329 156778 157535 157545 157897 158260 160291 162870 162641 163109 163633 163911 163789 163774 163742 164201 164079 164080 164148 164325 164895 164668 164564 163771 
83 64
150877 136804 139227 140876 140720 139630 126240 126219 124188 125306 125207 125003 124435 121941 120815 117918 114969 112981 112740 111035 109500 107965 106844 103922 101906 101252 100841 99759 99316 99055 98630 98255 97902 97562 97232 96875 96334 95765 95502 95258 93052 92573 90054 90001 89524 89121 88469 87705 87554 87471 87010 87135 87211 87707 87929 88415 89154 89633 89995 90656 90830 92103 93984 93909 
84 24
160903 160650 160590 160302 160307 159670 159410 159324 159096 158773 158121 157416 156920 156091 155862 155558 155406 155036 154754 154650 154246 154233 152930 152549 
85 25
139627 141541 141648 143309 144110 144987 145251 146046 146550 146660 147554 147547 147417 147351 147253 147174 147088 147015 146653 146082 145236 145186 145281 146022 146087 
86 45
79404 81362 85228 91712 96113 97580 97489 111223 111403 116347 117036 122743 126016 130048 132931 137080 145011 147954 151040 154231 155870 156194 156598 163259 164592 3659 11053 15148 20610 22915 20538 19183 172562 170376 171524 174073 4795 12264 12819 14830 16053 21550 31711 29267 28043 
87 61
130839 122703 114662 113274 117543 117062 116977 116906 111582 108093 104843 102073 101909 100941 98967 91775 91067 90504 90224 87652 83715 80351 79365 74713 73541 72054 68047 63923 63399 63324 62045 61956 61447 60518 59641 59624 59923 61814 61957 62211 65478 66913 67070 67543 67583 66082 52066 50097 49356 42592 39242 39158 36837 32762 29956 29503 29630 29697 21483 29960 35847 
88 70
28270 30012 30493 31486 33324 35030 36309 37276 37697 37965 38156 38354 38353 38641 38901 39514 40278 40637 40738 40828 41013 41290 41660 41659 41837 42123 41836 42122 42477 43003 43177 43860 44262 49560 50754 52399 53025 53053 53118 53294 53278 53206 53279 53521 53680 53833 54075 55998 56566 57054 57273 58012 58889 61051 61272 62905 63002 63682 65367 66081 70098 71374 72571 78658 80769 82396 84138 85540 85852 87978 
89 65
92539 80635 65806 65478 62211 61957 61814 59923 59624 59641 60518 61447 61956 62045 63324 63399 63923 64153 64248 64324 64476 64323 67064 67394 70366 72316 72785 73062 74462 75452 77046 77445 77767 78895 81408 82328 86858 87412 88894 89237 93086 93325 96755 96779 100073 103324 105968 107506 108599 109034 109106 109923 110281 110584 111426 114564 115859 116827 124316 127020 127092 127175 127318 132778 154862 
90 92
10049 10829 11769 9748 8527 8605 8528 8839 8942 7626 7554 7519 6744 5504 5101 4352 3907 3296 3031 2652 1724 1039 174434 173983 173005 170919 170112 169725 170216 170436 170626 170895 170994 171027 171159 171324 171367 171327 171308 171177 171127 171081 171028 171029 171503 171653 171715 171504 171418 171230 171020 170737 170314 169966 169790 169531 169314 169173 168727 168579 168502 168779 169731 170260 170702 171306 171575 172000 175015 1183 5181 6224 7584 7988 8161 8526 9556 11112 12432 12631 13716 13870 14667 15793 16715 17944 19072 19372 18177 18015 17210 16047 
91 69
81820 83789 85880 85197 84540 83558 82999 81554 80945 78188 70707 70125 67610 62337 62319 60248 58507 57394 41601 40665 40027 35358 34963 28541 20037 15256 14299 6947 6520 5341 2650 558 167894 164412 162253 161713 159100 157933 155615 154716 153176 151413 148856 147666 147180 147036 146752 146626 146258 146025 145889 145531 145481 145076 144656 144474 143890 143422 143104 142848 142309 142096 142003 141394 141209 141117 140773 140166 139270 
92 5
119051 119672 123722 123954 124202 
93 97
97855 98085 98214 98475 98782 99278 99871 101051 101052 101053 101054 101055 101093 101607 104217 104228 105134 105290 106297 109038 109120 110995 111235 111510 111927 112206 112454 112556 112818 112861 112906 112648 112503 112413 112299 112215 112129 111954 111815 111700 111384 111333 111237 111197 111199 111201 111200 111150 111151 111238 111250 111281 111286 111336 111337 111338 111086 110366 110090 109893 109357 109087 108745 108262 107883 105945 105918 105650 105361 105335 105204 105063 105031 104854 104627 104592 103805 103436 102610 101477 100907 100722 98374 97625 96432 95754 95735 95494 95432 95110 94766 94447 93913 92531 92264 89727 89447 
94 102
76031 83832 84152 85560 84442 83964 82152 81643 80826 76599 75755 75202 73533 73867 74002 74811 72426 72108 70855 65482 63926 62216 61294 60593 59643 59866 60358 57974 57975 58339 58955 58885 58786 58787 57030 56246 56066 55905 54856 54003 52959 51472 49917 49412 48647 48023 47049 46713 45962 43779 35945 32940 30347 29587 28466 24362 23876 11282 6584 3667 704 171569 170072 169425 167953 167270 165424 165135 165358 165473 165423 165105 163990 163793 163368 161239 160058 162557 162601 162484 161999 161550 160653 160521 158771 158753 158499 158419 158267 155406 155558 155862 156091 156920 157416 158121 158773 159096 159324 159410 159670 159739 
95 115
81820 83789 85880 87751 89613 93669 94961 95168 95585 96793 98374 100722 100907 101477 102610 103436 103805 104592 104627 104854 105031 105063 105204 105335 105361 105650 105918 105945 107883 108262 108745 109087 109357 109893 110090 110366 111086 111338 111337 111336 111286 111281 111250 111238 111151 111150 111200 111201 111199 111197 111237 111333 111384 111700 111815 111954 112129 112215 112299 112413 112503 112648 112906 112861 112818 112556 112454 112206 111927 111510 111235 110995 109120 109038 106297 105290 105134 104228 104217 101607 101093 101055 101054 101053 101052 101051 101050 101049 101056 101048 101553 101661 102328 103135 103190 103619 103721 103962 104384 104735 105104 105486 105870 106293 106817 107181 107771 108888 109572 111232 113367 113397 118945 120111 120403 
96 118
73093 72263 71997 66511 65891 66512 58074 57576 56253 57305 59229 60531 60603 60822 59395 52775 51053 47140 42957 40999 39622 33247 29597 28447 28360 28204 27945 27538 27014 26482 26133 25963 23500 21009 17865 17126 16649 15720 15966 15965 12096 8235 7320 3684 2742 2134 404 174062 173339 173007 171164 170018 167990 166968 166603 166526 165166 164477 163802 161332 160171 160025 157276 156843 155619 150559 148645 146885 145028 145171 145272 145114 144362 143004 139992 135289 134271 133959 133910 133938 133324 129827 129499 127515 124345 121445 121259 114759 114569 114361 107900 107050 106837 106141 101099 89469 89328 86204 86023 84678 83963 83395 80418 65342 64538 64135 62825 59650 56902 56178 56305 54823 55066 55427 54046 53581 52887 52286 
97 20
103049 102469 101440 93176 87735 85473 80616 75237 69726 67925 68148 68147 67264 57495 55237 50667 47428 45300 45457 45388 
98 22
158632 155446 155486 155608 155609 155560 160715 163241 164525 166330 166702 166914 167260 167469 167661 167861 169057 169556 170366 171222 171641 174499 
99 35
153053 150544 150237 151344 149950 145655 144449 143044 142311 141889 141990 144154 141904 140062 135171 134556 133494 133679 133697 133711 133707 134168 134697 134887 134870 135370 134965 135542 129809 133128 132692 129808 125387 123184 128466