2	1
3	2
4	3
5	4
6	1
7	6
7	8
9	10
10	11
11	12
12	4833
13	14
14	15
15	16
16	1958
17	43
19	20
20	21
21	22
22	23
23	24
24	25
25	26
26	9
26	27
27	28
28	29
29	30
30	31
32	1740
32	34
33	65
34	33
35	65
36	19
37	36
38	37
39	38
40	4402
41	40
42	41
43	42
44	43
45	44
46	5619
47	46
49	48
50	326
51	50
52	47
52	51
53	52
54	3197
55	54
56	4033
57	56
58	57
58	4081
59	58
60	59
61	62
62	63
63	64
64	398
65	18
65	398
66	8
67	66
68	260
89	307
90	89
91	90
93	92
95	94
95	97
97	96
98	93
99	93
99	95
100	3086
100	3438
101	100
102	101
103	102
104	103
105	104
106	222
107	106
109	108
110	117
111	110
111	234
112	111
113	112
114	113
115	114
116	115
117	116
119	128
120	119
121	120
122	121
123	122
124	123
125	124
126	125
127	126
128	127
129	128
130	88
131	130
132	131
133	130
133	131
134	88
136	135
137	136
138	251
139	138
140	139
141	140
143	223
144	108
145	108
146	145
147	211
148	147
149	158
150	109
150	149
151	150
152	202
152	187
153	294
153	188
155	154
156	155
157	5299
158	146
160	256
161	160
162	137
163	159
163	256
164	163
166	165
166	255
167	214
168	167
168	232
169	5534
170	88
170	129
170	169
171	88
171	118
172	171
173	197
174	173
175	174
176	175
177	301
178	177
179	178
181	180
182	181
183	182
184	183
185	293
186	249
186	185
187	248
188	293
189	217
190	189
191	190
193	192
194	193
195	194
196	195
196	238
197	238
198	310
198	245
199	198
199	246
200	199
200	247
201	187
201	200
202	68
202	201
204	5299
205	157
205	204
206	205
208	207
209	208
210	209
210	244
211	244
212	306
214	255
215	214
216	191
217	191
218	141
218	146
218	5246
219	141
220	219
221	97
221	220
222	105
222	221
223	142
223	3505
224	223
225	224
226	225
227	226
228	227
229	228
230	229
231	158
231	230
232	165
233	165
233	280
235	234
236	235
237	234
237	236
238	117
239	5246
240	180
240	239
241	180
242	184
242	241
243	184
243	253
244	159
245	281
246	245
247	246
248	185
248	247
249	68
249	152
251	250
253	252
255	254
257	164
257	256
258	257
259	258
260	67
260	259
261	311
262	261
263	262
264	263
265	264
266	265
267	266
268	267
269	268
270	269
271	270
272	271
273	192
273	5795
274	192
275	274
276	275
276	5817
277	216
277	5817
278	168
278	216
279	232
280	279
281	148
281	244
282	287
283	282
284	283
285	284
286	285
287	286
288	217
288	287
289	87
289	189
290	87
291	290
292	291
294	186
294	293
296	295
297	295
297	296
298	295
299	298
300	299
301	176
301	300
302	179
302	206
303	5293
304	243
304	303
305	213
305	253
306	213
307	213
308	211
309	164
309	308
310	148
310	309
312	311
313	312
314	313
315	314
316	315
317	316
318	317
319	318
320	137
320	319
321	320
322	66
323	322
324	323
325	324
326	49
326	173
326	325
327	173
328	327
329	87
329	328
330	87
330	233
331	280
331	307
332	231
332	307
333	231
333	251
335	86
337	336
339	338
340	388
342	341
344	343
344	356
346	345
348	347
349	390
350	349
351	350
352	351
353	352
354	353
355	427
356	357
356	537
357	343
357	427
358	343
358	428
360	359
360	537
360	717
361	2236
362	361
363	362
364	363
365	364
366	365
367	86
369	368
370	369
371	368
371	370
372	368
374	373
375	374
376	373
376	375
377	373
379	359
380	355
380	359
381	355
382	335
382	397
383	339
383	397
384	339
384	401
385	384
387	386
388	387
389	388
390	340
391	390
392	391
393	392
394	372
394	400
396	395
398	397
400	399
401	367
402	401
403	402
404	403
405	337
405	404
406	337
407	406
408	407
409	408
410	409
412	411
413	346
413	412
414	348
414	346
415	348
416	415
416	927
417	717
418	344
420	419
421	420
422	342
422	421
423	422
424	423
425	424
426	425
427	458
428	458
428	460
430	395
430	446
431	394
431	446
432	400
433	381
433	398
433	432
434	381
434	460
435	358
435	418
436	354
436	366
437	354
437	395
437	429
439	438
440	439
441	440
442	426
442	441
443	426
444	372
444	393
444	443
444	445
445	377
446	445
448	447
449	448
450	449
451	450
452	336
452	451
453	336
455	454
456	377
456	378
456	455
458	459
459	457
460	459
461	663
462	86
462	662
464	753
465	464
466	609
467	997
468	702
468	948
469	948
470	469
471	470
471	700
472	700
473	60
473	3014
473	472
475	474
477	476
479	478
479	481
481	480
483	482
483	485
485	484
487	486
488	790
489	492
491	490
492	491
494	493
496	495
496	498
498	497
500	499
504	503
507	506
508	344
509	508
510	509
510	819
511	585
513	512
516	515
518	669
519	518
519	692
521	520
522	521
524	523
525	524
525	668
525	689
527	530
528	527
530	528
530	529
531	611
532	611
533	872
534	868
534	872
535	507
535	789
535	868
536	719
536	789
537	724
538	941
538	672
539	659
539	672
540	659
541	540
542	541
543	756
544	755
545	544
546	781
546	788
547	546
549	548
551	550
552	551
553	552
554	553
555	554
556	994
557	556
557	993
558	610
559	558
560	559
561	558
561	560
562	660
563	562
564	563
565	564
566	894
567	833
568	567
569	568
570	909
571	570
571	788
573	572
574	886
575	556
576	575
577	576
578	577
578	865
579	593
580	821
580	710
581	777
582	581
583	582
583	686
584	686
585	570
585	590
587	586
588	587
588	898
589	586
590	586
592	591
594	593
595	594
596	475
596	477
597	477
597	719
598	806
600	598
600	599
601	806
602	548
603	602
604	603
605	753
606	605
606	890
607	890
607	1000
608	607
609	930
610	660
611	610
613	612
614	613
615	614
616	2430
616	641
617	803
617	952
618	518
618	803
619	542
619	669
620	636
620	875
621	548
621	883
621	748
623	624
624	623
625	624
626	85
626	809
627	626
627	940
627	851
628	792
628	811
629	657
630	629
631	630
631	665
632	665
633	632
634	633
635	634
635	774
636	601
637	636
638	637
638	781
639	571
640	639
641	517
641	698
642	517
643	481
643	973
644	479
645	644
645	932
647	646
648	569
648	647
649	703
650	703
651	85
651	650
653	827
654	527
654	653
655	654
656	655
657	628
658	657
660	659
662	661
663	662
664	663
664	954
666	665
667	666
668	667
668	989
670	669
671	670
673	672
674	513
674	673
675	513
675	514
676	514
676	515
677	515
678	335
678	416
678	664
680	706
681	680
683	682
684	981
685	545
685	684
686	685
687	933
688	687
689	688
689	937
690	699
691	520
691	690
692	520
692	521
693	521
694	693
695	682
695	694
695	867
696	622
697	696
698	952
699	698
700	699
701	683
701	716
702	683
704	703
705	704
706	767
707	706
708	707
709	708
709	711
709	742
711	943
712	711
713	732
713	892
713	966
714	892
715	622
715	714
717	932
718	645
720	719
721	720
722	721
723	722
724	597
724	723
726	725
727	995
728	995
729	728
730	729
731	730
732	731
733	712
733	811
734	792
735	734
735	889
735	989
736	704
738	737
739	738
741	740
742	741
742	980
743	1752
743	555
744	555
745	744
746	573
747	746
747	878
748	808
748	878
749	780
750	749
751	750
752	751
753	604
754	753
755	543
755	754
756	999
756	1000
757	999
758	757
759	758
760	759
761	760
762	761
762	777
763	926
764	763
765	764
766	567
766	710
766	765
767	588
767	681
768	681
769	768
770	769
771	770
772	771
773	911
774	773
774	808
774	875
775	902
776	775
776	912
778	910
779	778
780	779
781	780
783	782
784	783
785	784
786	615
786	785
787	615
788	787
789	492
790	487
790	489
791	487
791	494
793	848
794	793
795	794
796	622
796	945
797	796
798	797
800	799
801	467
801	702
801	800
803	802
805	804
806	805
807	877
808	807
809	625
809	798
810	715
810	798
812	811
813	812
814	813
815	85
816	651
816	704
818	817
820	819
821	593
821	820
822	510
823	819
824	823
825	463
825	824
826	825
827	652
828	827
829	549
829	828
830	549
831	465
831	830
833	832
833	898
835	834
836	835
837	836
838	837
839	838
840	839
841	840
842	841
843	885
844	843
845	844
846	845
847	846
848	792
848	847
849	705
850	705
851	816
851	850
852	940
853	852
854	697
854	853
855	697
855	715
856	855
857	856
858	857
859	858
860	859
860	966
860	3053
862	861
863	862
864	863
866	716
866	865
867	701
868	496
869	498
869	501
870	500
870	502
870	869
871	500
872	494
872	871
874	873
876	875
877	876
878	807
879	640
879	954
880	879
881	908
882	881
883	635
883	937
884	889
885	884
886	795
886	843
887	886
888	887
889	993
890	557
892	891
894	729
894	893
895	573
895	745
895	864
896	526
896	895
897	896
899	739
899	898
900	739
901	900
901	980
903	902
905	904
906	642
906	677
906	905
907	540
907	677
908	880
909	648
909	908
910	752
911	752
911	772
912	732
912	777
913	609
913	762
913	903
914	609
915	578
915	914
916	865
917	916
918	917
919	565
919	725
919	918
920	725
920	814
921	814
921	943
922	710
922	901
923	580
923	826
924	826
925	924
926	679
926	925
927	418
927	679
929	928
930	608
930	929
931	475
931	483
932	485
934	933
935	934
936	935
937	936
938	696
939	938
940	939
941	531
942	531
943	942
944	85
945	626
945	938
946	542
946	565
947	867
947	946
948	682
948	957
950	949
951	517
951	950
952	951
953	882
954	882
955	842
955	834
956	842
957	956
958	3051
959	958
960	893
960	959
961	960
962	961
963	566
963	962
964	566
965	964
966	965
967	2255
968	967
969	968
970	718
970	969
971	718
972	971
973	504
973	972
974	504
974	533
975	505
975	533
975	595
976	595
977	874
977	976
978	818
978	874
979	818
980	979
981	831
982	981
983	982
984	983
985	984
986	985
987	986
989	988
991	990
992	991
993	992
994	574
994	993
996	995
997	466
997	592
997	716
998	592
998	799
998	902
1000	999
1001	1034
1002	1001
1003	1002
1004	1003
1005	1349
1005	1350
1006	1051
1007	1006
1008	1007
1009	1185
1010	1009
1011	4833
1013	1370
1013	1259
1014	1261
1014	1258
1015	1129
1015	1260
1017	1016
1018	1017
1019	1018
1020	1019
1021	1218
1022	1124
1023	1381
1025	1024
1026	1025
1027	1024
1027	1026
1028	84
1028	1321
1030	1029
1031	1030
1032	1031
1033	1032
1034	1033
1037	1036
1039	1038
1040	1047
1040	1121
1041	1040
1042	1041
1043	1042
1044	1105
1045	1115
1046	1045
1047	1046
1047	1443
1048	1443
1049	1048
1050	1049
1050	1202
1051	1202
1053	1052
1054	1053
1055	1054
1056	1200
1057	1056
1058	1057
1059	1403
1060	1059
1061	4624
1062	1010
1062	1061
1062	1075
1063	1157
1063	1236
1064	1160
1064	1236
1065	1160
1066	1065
1067	1066
1068	1441
1069	1068
1070	1069
1071	1070
1071	1072
1072	1256
1073	1072
1074	1073
1074	1185
1075	1009
1075	1157
1077	1076
1078	1077
1079	1078
1080	1117
1081	1080
1082	1081
1083	1351
1084	1352
1085	1084
1086	1085
1087	1086
1088	1087
1089	1088
1090	1262
1091	1935
1092	1091
1093	1092
1094	1093
1095	1113
1095	1094
1097	1096
1098	1162
1099	1098
1100	1099
1101	1100
1101	1112
1103	1139
1104	1103
1105	1376
1106	1105
1107	1021
1107	1106
1108	1021
1109	1108
1110	1217
1111	1110
1112	1102
1113	1891
1113	1102
1114	1043
1115	1043
1115	1044
1116	1097
1116	1184
1117	1079
1117	1097
1118	1121
1119	1118
1120	1119
1121	1120
1123	1122
1124	1021
1124	1123
1126	1125
1126	1435
1127	1435
1128	1127
1129	1016
1130	1016
1132	1131
1133	1131
1133	1132
1134	1131
1135	1134
1137	1331
1138	1137
1139	1138
1140	1139
1141	1140
1142	1141
1143	1142
1144	1143
1145	1156
1147	1146
1148	1147
1149	1148
1150	1149
1151	1150
1152	1151
1153	1152
1154	1153
1155	1154
1156	1144
1156	1155
1158	1157
1159	1158
1159	1181
1161	1160
1162	1220
1163	1102
1163	1111
1163	1162
1165	1164
1166	1193
1167	1166
1168	1167
1169	1168
1170	1382
1171	1354
1173	1172
1174	1173
1175	1174
1176	1175
1177	1176
1178	1177
1179	1178
1180	1179
1181	1184
1182	1181
1183	1182
1184	1183
1186	1010
1186	1185
1187	1379
1188	1187
1189	1415
1190	1189
1191	1024
1191	1190
1192	1191
1193	1165
1193	1237
1194	1318
1195	1194
1196	1195
1197	1196
1198	1396
1199	1418
1200	1180
1200	1199
1202	1201
1204	1203
1206	1205
1207	1206
1208	1207
1209	1208
1210	1209
1211	1210
1212	1060
1212	1211
1213	1212
1216	1214
1216	1215
1217	1109
1217	1214
1218	1221
1219	1218
1220	1109
1220	1219
1221	1020
1222	1300
1223	1303
1224	1130
1224	1223
1225	1224
1227	1226
1228	1227
1229	1228
1230	1151
1231	1151
1232	1231
1233	1232
1234	1213
1234	1233
1235	1234
1236	1071
1236	1159
1237	1192
1238	1237
1239	1238
1240	1239
1241	1240
1242	1241
1243	1242
1244	1243
1245	1299
1246	1245
1247	1246
1248	1397
1249	1248
1250	1249
1251	1250
1253	1252
1254	1253
1255	1252
1255	1254
1256	1252
1256	1280
1258	1374
1259	1014
1260	1014
1262	1261
1262	1351
1263	1262
1264	1263
1265	1264
1266	1265
1267	1089
1267	1266
1268	1089
1269	1268
1270	1269
1271	1270
1272	1355
1273	1272
1274	1083
1274	1273
1276	1275
1277	1276
1278	1277
1279	1278
1280	1281
1281	1279
1282	1281
1283	1282
1284	1283
1285	1284
1286	1275
1286	1285
1287	1006
1287	1011
1287	1275
1288	1319
1289	1288
1290	84
1290	1289
1291	84
1292	1125
1292	1291
1293	1125
1294	1293
1295	1294
1296	1417
1297	1296
1298	1244
1298	1297
1299	1244
1300	1020
1301	1300
1302	1301
1303	1222
1303	1302
1304	1439
1305	1304
1306	1035
1306	1037
1306	1305
1307	1037
1307	1122
1308	1122
1309	1022
1309	1308
1309	1381
1311	1310
1312	1311
1313	1312
1314	1313
1315	1314
1316	1315
1317	1316
1318	1317
1319	1194
1320	1319
1321	1128
1321	1320
1322	1128
1323	1322
1324	1323
1325	1324
1326	1325
1327	1326
1327	1358
1328	1358
1329	1328
1330	1136
1330	1329
1331	1136
1332	1103
1332	1331
1333	1103
1334	1333
1335	1055
1335	1334
1336	1335
1337	1336
1338	1337
1339	1338
1341	1340
1342	1341
1343	1342
1344	1343
1345	1344
1346	1345
1347	1346
1348	1347
1348	4497
1349	4497
1350	1349
1352	1083
1352	1351
1353	1171
1353	1226
1353	1352
1354	1359
1355	1354
1356	1251
1356	1398
1357	1135
1357	1251
1358	1357
1359	1170
1360	1359
1361	1360
1362	1350
1362	1361
1363	1005
1364	1363
1365	4447
1366	1226
1366	1365
1367	1353
1368	1274
1368	1367
1369	1274
1370	1369
1371	1370
1372	1371
1373	1372
1374	1257
1374	1373
1375	1257
1376	1104
1376	1114
1376	1375
1377	1012
1377	1114
1378	1012
1378	1339
1380	1039
1380	1379
1381	1380
1382	1169
1383	1382
1384	1383
1385	1384
1386	1385
1387	1247
1387	1386
1388	1051
1388	1052
1388	1378
1389	1001
1389	1052
1390	1034
1390	1145
1390	1235
1391	1161
1392	1391
1393	1392
1395	1394
1396	1197
1396	1419
1397	1387
1398	1272
1398	1397
1400	1399
1401	1400
1402	1401
1403	1058
1403	1402
1405	1404
1406	1405
1407	1406
1408	1407
1409	1408
1410	1409
1411	1410
1412	1411
1413	1412
1414	1413
1415	1414
1416	1189
1417	1295
1417	1416
1418	1198
1419	1395
1419	1418
1421	1420
1422	1421
1423	1422
1424	1423
1425	1424
1426	1404
1426	1425
1427	1404
1428	1427
1429	1428
1430	1429
1431	1430
1432	1431
1433	1432
1434	84
1434	1433
1435	1028
1436	2000
1437	1379
1437	1436
1438	1187
1438	1393
1439	1391
1439	1393
1440	1067
1440	1439
1441	1067
1442	1441
1443	1442
1445	1444
1446	1444
1446	1445
1447	1444
1448	83
1449	83
1451	1450
1452	1546
1454	1453
1456	1455
1457	1455
1459	1458
1461	1460
1462	1461
1464	1463
1465	1464
1466	1463
1468	1531
1469	1468
1470	1469
1471	1470
1472	1471
1473	1472
1474	1473
1475	1474
1477	1476
1478	1477
1480	1479
1480	1513
1481	1595
1481	1642
1482	1481
1483	1482
1484	1483
1485	1475
1485	1513
1486	1475
1487	1486
1488	1487
1489	1668
1490	1489
1491	1490
1491	1666
1492	1613
1492	1666
1493	1491
1493	1508
1495	1494
1495	1643
1496	1501
1496	1565
1498	1497
1499	1498
1500	1497
1500	1499
1501	1494
1501	1497
1502	1703
1503	1453
1503	1502
1504	1453
1504	1457
1505	1457
1505	1459
1506	1459
1507	1506
1509	1542
1510	1548
1511	1496
1511	1603
1512	1511
1514	1513
1515	1514
1516	1515
1517	4472
1518	1517
1519	1518
1520	1519
1521	1520
1522	1521
1524	1523
1524	1639
1525	1613
1526	1525
1527	1526
1528	1527
1528	4396
1529	1611
1531	1467
1531	1656
1532	1467
1533	1532
1534	1488
1534	1533
1536	1535
1538	1536
1538	1537
1539	1535
1540	1539
1541	6015
1542	1508
1543	1542
1544	1543
1545	1544
1546	1545
1547	1546
1548	1509
1548	1547
1550	1549
1551	1550
1552	1551
1552	1653
1553	1484
1553	1693
1554	1484
1555	1554
1556	1555
1556	1595
1557	1642
1558	1557
1558	1640
1559	1576
1560	1559
1561	1560
1562	1561
1563	6015
1564	82
1564	1563
1565	82
1566	1703
1567	1566
1568	1462
1568	1567
1569	1629
1570	1507
1570	1540
1570	1624
1571	1612
1572	1571
1573	1572
1574	1573
1575	1574
1576	1575
1576	1640
1577	1588
1578	1577
1579	1578
1580	1579
1581	1580
1582	1656
1584	1583
1586	1584
1586	1585
1588	1447
1588	1587
1589	1447
1589	4611
1591	1590
1592	1591
1593	1591
1593	1592
1594	1590
1596	1595
1597	1596
1598	4402
1599	1516
1599	1623
1600	1711
1600	1617
1601	1512
1601	1606
1602	1524
1602	1541
1602	1684
1603	83
1604	1594
1605	1583
1605	1594
1606	1605
1606	1617
1608	1607
1609	1608
1609	1638
1610	1649
1611	1530
1612	1540
1612	1611
1613	1668
1615	1614
1616	1614
1617	1616
1619	1618
1620	1619
1621	1618
1622	1621
1623	1582
1623	1657
1624	1569
1625	1624
1626	1625
1627	1626
1628	1627
1629	1462
1629	1628
1631	1630
1632	1630
1632	1631
1633	1630
1633	1639
1636	1634
1636	1635
1637	1634
1638	1637
1639	1686
1640	1686
1642	1641
1643	1651
1646	1644
1646	1645
1647	1644
1648	1647
1649	1638
1649	1648
1651	83
1651	1650
1653	1652
1654	1598
1655	1654
1656	1581
1656	1655
1657	1654
1658	1657
1659	1658
1660	1659
1661	1660
1662	1661
1663	1662
1664	1663
1665	1664
1665	1672
1665	1702
1667	1666
1668	1667
1670	1669
1671	1530
1671	1610
1671	1670
1672	1674
1674	1673
1675	1672
1675	1674
1676	1478
1676	1623
1676	1680
1676	1702
1678	1677
1679	1677
1679	1678
1680	1622
1680	1677
1681	82
1681	1565
1682	82
1683	1653
1683	1682
1684	1552
1684	1601
1686	1685
1687	6059
1688	6059
1689	1688
1690	1466
1690	1573
1690	1689
1691	1573
1692	1507
1692	1691
1693	1510
1693	1692
1694	1510
1695	1694
1696	1493
1696	1695
1697	1633
1697	1696
1698	1451
1698	1492
1698	1697
1699	1451
1699	1478
1699	1522
1701	1700
1702	1701
1704	1703
1705	1704
1706	1528
1706	1705
1708	1489
1708	1508
1708	1707
1710	1709
1711	1516
1711	1709
1712	1858
1714	1713
1715	1714
1716	1715
1717	1716
1718	1717
1719	1718
1719	1765
1720	1765
1721	1720
1722	1721
1723	1722
1724	1723
1725	1724
1726	1725
1727	1726
1728	1727
1729	1728
1730	1729
1731	1730
1732	1731
1733	1732
1734	1733
1735	1734
1736	1735
1737	1736
1738	1737
1740	31
1740	1877
1741	1740
1742	1741
1743	1876
1744	1743
1745	1744
1746	1745
1747	1746
1747	1785
1748	1785
1749	1748
1750	1749
1751	1750
1752	1751
1756	1755
1757	1756
1758	1757
1759	1758
1761	1760
1762	1759
1762	1761
1763	1762
1764	1763
1765	1764
1766	1765
1767	1766
1768	1767
1769	1768
1770	1769
1771	1770
1773	1772
1774	1773
1775	1774
1776	1775
1777	1772
1777	1776
1778	1772
1778	1879
1779	1857
1780	1779
1781	1780
1782	1843
1783	1782
1784	1783
1785	1784
1786	1738
1786	1742
1787	1786
1788	1787
1789	1788
1789	1848
1790	1848
1791	1790
1792	1791
1793	1792
1794	1793
1795	1754
1795	1794
1797	1796
1798	1797
1799	1798
1800	1799
1801	1800
1802	1760
1802	1801
1803	1805
1804	1803
1805	1760
1806	1805
1807	1806
1808	1807
1809	1808
1810	1809
1811	1810
1812	1811
1813	1812
1814	1813
1815	1814
1816	1815
1817	1816
1818	1864
1819	1818
1820	1819
1821	1820
1822	1821
1823	1822
1824	1823
1825	1824
1826	1825
1827	1826
1828	1827
1829	1828
1830	1829
1831	1830
1832	1831
1833	1832
1834	1833
1835	1834
1836	1835
1837	1836
1838	1837
1839	1838
1840	1839
1841	1840
1842	1841
1843	1781
1843	1842
1844	86
1845	1844
1846	1845
1847	1846
1848	1847
1850	1849
1851	1850
1852	1851
1853	1852
1854	1853
1855	1854
1856	1855
1857	1849
1857	1856
1859	1858
1860	1862
1861	1860
1862	1861
1863	1862
1864	1817
1865	1864
1866	1865
1867	1866
1868	1867
1869	1868
1870	1869
1871	1870
1872	1871
1873	1872
1874	1873
1875	1874
1876	1738
1876	1875
1877	1889
1877	1771
1878	1877
1879	1878
1880	1863
1880	1879
1881	1863
1882	1881
1883	1882
1884	1712
1884	1795
1884	1883
1885	1753
1885	1884
1886	1885
1887	1886
1888	1887
1889	1739
1889	1888
1890	1488
1890	1589
1891	2046
1892	1965
1893	1892
1894	1893
1896	1899
1896	2018
1897	1896
1898	1897
1899	1898
1901	1900
1902	1901
1903	1902
1904	1995
1905	2015
1906	1905
1908	1907
1909	1908
1910	1907
1910	1909
1911	1907
1912	2062
1913	1912
1914	2071
1915	1943
1916	1915
1917	1916
1918	1917
1919	2075
1920	1919
1921	1920
1922	1921
1923	1922
1923	2062
1924	2023
1924	4685
1925	1924
1926	1925
1927	4611
1927	4614
1928	1927
1929	1928
1931	1930
1932	1931
1933	1930
1933	1932
1934	1930
1935	1090
1936	1935
1937	2016
1938	1937
1939	1938
1940	1895
1940	1939
1941	1940
1942	1941
1943	1895
1943	1942
1945	1949
1947	1946
1948	1947
1948	2129
1949	1944
1950	1949
1951	1950
1952	1951
1953	1952
1953	1982
1954	1945
1955	1923
1956	2120
1957	1956
1958	17
1958	2127
1959	5022
1960	1959
1960	5060
1961	1970
1961	5493
1962	2010
1962	5643
1963	5643
1965	1891
1966	1891
1967	1203
1967	1966
1968	2039
1968	2072
1969	1968
1970	1969
1970	2010
1971	1923
1972	81
1972	1971
1973	2094
1973	5247
1974	5361
1975	1974
1976	1953
1976	1975
1977	1982
1977	1994
1978	1994
1978	1999
1979	1948
1979	1999
1981	1980
1983	1944
1983	1982
1985	1911
1986	1985
1988	1987
1989	1988
1990	1987
1990	1989
1991	1987
1993	1992
1994	1993
1996	2087
1997	1996
1998	2093
1999	2088
2000	1023
2000	1203
2001	2000
2001	2126
2002	1082
2002	2126
2003	1082
2003	2099
2004	2016
2004	4885
2005	1937
2005	4798
2006	1918
2006	4798
2007	1918
2008	2097
2008	2072
2009	2008
2010	2009
2012	2011
2013	2012
2014	2013
2015	1904
2015	2014
2017	2016
2018	2017
2019	1899
2019	1900
2020	1900
2020	1903
2021	1895
2021	1903
2021	2071
2023	2022
2025	2028
2026	2025
2027	2026
2028	2024
2028	2027
2029	2024
2031	2057
2032	2031
2033	2032
2034	2033
2035	2034
2035	2116
2036	2108
2037	2036
2038	2007
2038	2037
2039	2007
2041	2040
2042	2040
2042	2041
2043	1984
2043	2040
2044	1991
2045	1991
2046	1934
2046	2045
2048	81
2048	2047
2049	81
2049	1913
2050	1913
2051	2050
2052	1926
2052	2051
2053	2052
2054	2053
2055	2054
2056	2055
2057	2030
2058	1906
2058	2057
2059	1906
2059	2011
2060	2011
2061	1964
2061	2060
2063	2062
2064	2063
2065	2064
2066	2067
2067	2066
2068	1911
2068	2043
2068	2066
2070	2069
2071	2070
2073	2023
2073	2065
2074	2065
2074	4811
2075	2074
2076	2075
2077	1980
2077	2130
2078	1980
2079	2078
2080	2079
2081	2080
2081	5238
2082	5235
2082	5243
2083	2133
2084	1955
2084	2083
2085	2047
2085	5023
2087	1995
2087	2086
2088	1998
2089	2088
2090	2089
2091	2090
2092	2091
2093	1997
2093	2092
2094	81
2095	2094
2096	2095
2097	2051
2097	2096
2098	1963
2098	2097
2099	4885
2100	4885
2101	2100
2102	1914
2102	2101
2103	1914
2104	1958
2104	2103
2104	5022
2104	5126
2106	2105
2107	2105
2108	2107
2108	4796
2109	5469
2110	2109
2111	2110
2112	1945
2112	2111
2113	2112
2114	2113
2115	1944
2115	1986
2115	2114
2116	2115
2117	1904
2117	2035
2118	1995
2119	2118
2120	1894
2120	2119
2121	4527
2122	1934
2122	1964
2122	2121
2123	1964
2123	2120
2123	2122
2125	2124
2126	1116
2126	2125
2127	1957
2127	2125
2127	2129
2129	2128
2130	2076
2131	2130
2132	2131
2133	2132
2133	5243
2135	2134
2136	2206
2136	2260
2137	2166
2137	2216
2138	2166
2139	2220
2142	2141
2142	2193
2144	2143
2144	2193
2145	340
2145	2234
2146	2191
2148	2147
2149	2148
2150	2147
2150	2149
2151	2247
2152	2138
2152	2247
2154	2147
2154	2153
2154	2246
2156	2155
2157	2155
2157	2156
2158	2161
2160	2158
2160	2159
2163	2162
2164	2163
2165	2162
2165	2164
2166	2155
2166	2162
2167	2169
2168	2167
2169	2168
2170	2169
2171	2170
2172	2171
2173	2172
2174	2173
2175	2174
2176	2175
2179	2178
2179	2217
2180	2182
2181	2180
2183	2177
2183	2182
2184	2183
2186	2185
2186	2189
2186	2242
2188	2134
2188	2187
2189	2134
2191	2190
2191	2213
2193	2192
2195	2194
2195	2229
2198	2197
2200	2198
2200	2199
2201	2197
2202	2201
2202	2213
2202	2227
2203	2205
2204	2203
2205	2204
2206	2196
2206	2205
2206	2242
2207	2240
2208	2207
2209	2208
2210	2209
2211	2210
2212	2211
2213	2212
2216	2161
2216	2215
2216	2260
2217	2138
2218	2217
2218	2246
2219	2144
2219	2154
2220	2140
2220	2142
2221	2140
2221	2184
2222	2237
2223	2222
2224	2223
2225	2224
2226	2225
2227	2226
2227	2234
2229	2228
2229	2231
2231	2230
2231	2240
2233	2232
2234	2233
2235	389
2235	2234
2236	389
2236	2179
2237	2184
2238	2237
2239	2176
2239	2189
2239	2238
2240	2176
2242	2241
2245	2243
2245	2244
2246	2243
2248	2195
2248	2247
2249	2207
2250	2146
2250	2249
2251	2146
2252	2251
2253	2252
2254	334
2254	2253
2255	334
2256	2259
2257	2256
2258	2257
2259	2258
2260	2214
2260	2259
2261	2877
2262	2261
2263	2262
2264	2263
2265	2264
2265	2366
2266	2619
2267	2266
2267	2399
2269	2268
2270	2635
2270	2889
2271	2635
2271	2883
2272	3015
2272	3021
2273	3015
2274	2273
2274	2523
2276	2737
2278	2277
2279	2278
2280	2279
2281	2902
2281	2947
2282	2281
2284	2283
2289	2288
2289	2295
2289	2912
2291	2290
2291	2293
2291	2912
2293	2292
2295	2294
2295	2908
2296	2770
2296	2813
2297	2394
2297	2593
2297	2916
2298	2509
2299	2298
2300	2302
2301	2300
2302	2720
2303	2302
2305	2304
2305	2307
2307	2306
2308	2311
2309	2308
2310	2309
2311	2310
2311	2965
2312	2758
2313	2315
2314	2313
2316	2315
2318	2317
2318	2320
2320	2319
2320	2321
2322	2321
2324	2323
2324	2329
2325	2324
2326	2325
2326	2327
2326	2571
2328	2327
2329	2328
2330	2329
2331	2330
2333	2332
2334	2332
2334	2484
2335	2601
2335	2336
2336	2602
2337	80
2338	2917
2340	2339
2341	2340
2342	2339
2342	2341
2343	2339
2345	2344
2345	2961
2347	2346
2348	2347
2348	2350
2350	2349
2352	2351
2353	2352
2354	2351
2354	2353
2355	2351
2356	2355
2357	3029
2358	79
2359	2827
2360	2728
2360	2730
2360	3039
2361	2663
2361	2730
2362	2582
2363	2743
2364	2363
2365	2364
2366	2745
2367	2366
2368	2367
2369	3006
2369	2624
2370	2966
2370	3003
2371	2966
2372	2371
2373	2933
2374	2379
2375	2276
2375	2374
2376	2375
2377	2376
2380	2374
2381	2586
2382	2377
2382	2381
2383	2377
2383	2494
2384	2774
2385	2384
2385	2777
2386	2703
2387	2386
2389	2388
2390	2389
2391	2390
2392	2701
2392	2740
2394	2393
2395	2394
2396	2393
2396	2395
2397	2560
2398	2397
2399	2398
2401	2400
2402	2401
2402	2454
2403	2858
2404	2403
2405	2404
2407	2406
2408	2407
2409	2406
2409	2408
2410	2406
2410	2855
2411	2682
2412	2439
2412	2786
2414	2413
2415	2414
2416	2415
2416	2486
2417	2607
2418	2417
2419	2773
2419	2629
2420	2754
2421	2378
2421	2962
2422	2421
2424	2423
2425	2424
2427	2426
2428	2427
2429	2428
2430	473
2430	61
2431	2430
2431	2608
2432	2785
2432	3013
2433	2617
2434	2542
2434	2866
2436	2435
2437	2862
2437	2452
2438	2488
2438	2454
2439	2714
2440	2439
2441	2440
2442	2441
2443	2372
2443	2399
2444	2372
2444	2999
2445	2932
2445	2999
2446	2481
2446	2905
2447	2905
2448	2447
2449	2704
2449	3038
2450	2269
2450	2642
2451	2772
2452	2455
2453	2452
2454	2453
2455	2400
2456	79
2456	2455
2457	2655
2458	2457
2459	2458
2460	2459
2460	2760
2462	2761
2464	2463
2465	2463
2466	2337
2466	2465
2467	2466
2468	2467
2469	80
2469	2468
2469	2629
2471	2470
2472	2471
2472	2643
2473	2474
2475	2474
2476	2473
2476	2801
2478	2477
2478	2544
2480	2479
2481	2480
2481	2932
2482	2583
2483	2482
2484	2483
2485	2334
2486	2485
2488	2437
2488	2487
2490	2489
2491	2490
2492	2489
2492	2491
2493	2489
2493	2522
2494	2278
2495	2279
2496	2495
2497	2515
2497	2846
2498	2661
2499	2498
2499	2660
2499	2724
2500	2298
2500	2728
2500	2916
2501	2509
2501	2664
2502	3008
2503	2379
2503	2761
2504	2376
2504	2379
2504	2494
2505	2383
2506	2505
2507	2448
2507	2578
2507	2704
2508	2361
2509	2663
2511	2510
2513	2511
2513	2512
2514	2510
2514	2559
2516	2515
2517	2558
2520	2519
2521	2518
2521	2519
2522	2518
2523	2542
2524	2523
2525	2524
2526	2525
2527	2526
2528	2527
2529	2528
2530	2529
2531	2530
2532	2531
2533	2532
2534	80
2535	2502
2535	2534
2536	2502
2537	2536
2538	2537
2540	2539
2541	2540
2543	2542
2544	2631
2545	2544
2545	2579
2545	2833
2546	2712
2547	2546
2548	2711
2548	2640
2549	2548
2550	2549
2550	2642
2550	3038
2551	2412
2552	2478
2553	2359
2553	2552
2553	2690
2554	2541
2554	2690
2555	2403
2555	2541
2556	2765
2556	2858
2557	2580
2557	2583
2557	2765
2558	2516
2559	2558
2559	2846
2561	2560
2562	2561
2563	2436
2564	2857
2565	2564
2565	2571
2565	2806
2566	2374
2567	2566
2568	2380
2568	2567
2570	2569
2571	2569
2573	2577
2574	2572
2574	2573
2575	2572
2576	2575
2577	2572
2577	2576
2578	2506
2578	2577
2579	2835
2580	2821
2581	2580
2582	2581
2583	2582
2584	2661
2585	2584
2585	2727
2585	3043
2587	2586
2588	2587
2589	2588
2590	2589
2591	2584
2592	2498
2593	2766
2594	2593
2594	2770
2594	2817
2595	2346
2596	2595
2597	2596
2598	2597
2599	2598
2600	2599
2601	2348
2601	2600
2602	2350
2603	2602
2604	2603
2605	2349
2605	2604
2606	2346
2606	2349
2607	2595
2608	2785
2609	2608
2610	2744
2612	2611
2613	2612
2614	2613
2615	2614
2616	2615
2617	2616
2617	2866
2619	2745
2620	2619
2621	2620
2622	2621
2623	2622
2623	2749
2624	2749
2624	3003
2626	2625
2626	2949
2627	2626
2628	2627
2629	2628
2631	2630
2631	2786
2632	2327
2632	2818
2633	3027
2634	2633
2635	2639
2636	3027
2637	78
2637	2636
2638	78
2639	2634
2639	2638
2641	2640
2642	2641
2643	2358
2643	2618
2644	2618
2645	2644
2646	2645
2647	2646
2649	2648
2650	2664
2651	2650
2652	2651
2653	2517
2653	2805
2655	79
2655	2654
2657	2656
2658	2657
2659	2658
2660	2659
2660	2716
2662	2661
2662	2716
2662	3043
2664	2663
2665	2552
2666	2665
2668	2667
2668	2694
2671	2670
2672	2671
2673	2672
2674	2673
2675	2674
2676	2675
2677	2676
2679	2678
2679	2787
2681	2680
2681	2680
2682	2680
2682	2855
2683	2689
2684	2683
2685	2684
2686	2685
2687	2686
2688	2687
2689	2688
2690	2355
2691	2355
2692	2926
2693	2692
2694	2669
2694	2693
2695	2669
2696	2970
2697	2841
2697	2754
2698	2739
2699	2698
2700	2386
2700	2699
2701	2741
2702	2701
2703	2738
2703	2744
2705	2704
2706	2705
2707	2706
2708	2707
2708	2803
2709	2708
2710	2709
2711	2547
2711	2710
2712	2305
2712	2907
2713	2307
2714	2402
2714	2713
2715	3041
2716	2715
2718	2717
2719	2718
2719	2870
2721	2720
2722	2300
2722	2832
2722	2998
2723	2741
2723	2908
2724	2293
2724	2791
2725	3041
2726	2725
2727	2726
2728	2299
2729	2299
2730	2729
2731	2736
2732	2731
2733	2732
2734	2733
2735	2734
2736	2735
2737	2568
2737	2586
2737	2736
2738	2702
2739	2738
2740	2739
2740	2972
2742	2741
2743	2742
2744	2363
2746	2745
2747	2746
2748	2747
2749	2748
2751	2750
2752	2751
2753	2750
2753	2752
2754	2750
2755	2501
2755	2771
2755	2832
2756	2476
2757	2756
2757	2842
2758	2842
2758	2965
2759	2853
2760	2461
2760	2759
2761	2461
2762	2763
2764	2763
2765	2762
2766	2810
2767	2766
2768	2767
2769	2768
2770	2769
2771	2594
2771	2916
2772	2391
2773	2391
2773	2625
2775	2774
2776	2775
2777	2776
2777	2810
2778	2287
2779	2875
2780	2779
2781	2779
2781	2780
2782	2875
2783	2782
2783	2981
2785	2784
2787	2579
2787	2786
2789	2788
2790	2287
2790	2789
2791	2790
2793	2792
2794	2793
2795	2792
2795	2794
2796	2792
2798	2797
2799	2798
2800	2797
2800	2799
2801	2797
2801	2998
2803	79
2803	2802
2805	2804
2807	2806
2808	2807
2809	2774
2810	2809
2812	2400
2812	2811
2812	2907
2814	2813
2815	2814
2816	2813
2816	2815
2817	2296
2818	3010
2819	2321
2819	2818
2820	2318
2821	2563
2821	2805
2821	3012
2822	2514
2822	2653
2823	2497
2824	2823
2825	2993
2826	2825
2827	2312
2827	2437
2827	2826
2829	2828
2830	2829
2831	2828
2831	2830
2832	2828
2834	2833
2835	2834
2836	904
2836	2345
2837	2957
2837	2961
2839	2337
2841	2696
2841	2840
2843	2842
2844	2843
2845	2844
2846	2313
2847	2315
2848	2972
2849	2848
2850	2849
2851	2850
2852	2851
2853	2649
2853	2852
2855	2854
2856	2330
2857	2563
2857	2324
2859	2858
2861	2860
2862	2472
2862	2861
2864	2863
2865	2864
2866	2865
2867	2869
2868	2867
2870	2869
2870	2884
2873	2871
2873	2872
2874	2343
2874	2871
2875	2343
2876	2416
2876	2482
2876	2806
2877	2151
2877	2727
2879	2878
2880	2879
2881	80
2881	2880
2881	2887
2882	2535
2882	2887
2883	2535
2883	3021
2885	2884
2886	2885
2887	2886
2889	2888
2891	2357
2891	2889
2892	2275
2892	2891
2893	2892
2893	2898
2894	2357
2894	2450
2894	2898
2896	2895
2897	2896
2898	2897
2900	2899
2901	2890
2901	2900
2902	2282
2902	2890
2903	2282
2904	2425
2904	2903
2905	2425
2907	2906
2909	2908
2910	2909
2911	2909
2912	2911
2914	2393
2914	2913
2915	2796
2915	2914
2916	2796
2917	2336
2917	2980
2918	2335
2918	2418
2918	2949
2920	2919
2921	2524
2921	2920
2923	2385
2923	2667
2923	2791
2923	2975
2924	2522
2924	2667
2925	2924
2926	2392
2926	2925
2927	2387
2927	2848
2928	2927
2929	2462
2929	2928
2930	2462
2931	2930
2932	2931
2932	2947
2933	2372
2934	2933
2935	2934
2936	2935
2937	2936
2938	2937
2939	2284
2939	2938
2940	2284
2941	2940
2942	2941
2943	2942
2944	2943
2945	2944
2946	2945
2947	2946
2948	2835
2948	2954
2950	2949
2951	2839
2951	2950
2952	2839
2953	2884
2953	2952
2954	2719
2955	2954
2956	2486
2956	2833
2956	2955
2958	2957
2959	2958
2960	2838
2960	2959
2961	2960
2962	2697
2963	2962
2964	2963
2965	2964
2966	2560
2967	2966
2968	2967
2969	2968
2970	2695
2971	2970
2973	2422
2973	2972
2974	2308
2974	2422
2974	2853
2975	2922
2976	2913
2976	2975
2977	2913
2978	2977
2978	3010
2979	2417
2979	2632
2980	2607
2981	2980
2982	2783
2983	2957
2983	2982
2984	2426
2984	2837
2985	941
2985	2426
2988	2987
2989	2986
2989	2987
2990	2986
2991	2990
2992	2991
2993	2824
2993	2992
2995	2994
2996	2995
2997	2994
2997	2996
2998	2994
2999	2969
3000	2969
3001	2286
3001	3000
3002	2285
3002	3001
3003	3002
3005	3004
3006	2368
3006	3005
3007	2419
3007	2434
3007	2451
3008	2882
3008	2948
3009	2636
3009	2679
3009	3008
3011	3010
3012	3011
3012	3039
3013	2433
3014	2433
3014	2523
3015	2534
3015	2670
3016	2670
3016	2677
3016	2689
3017	2683
3019	3018
3020	3017
3020	3019
3021	3017
3023	3022
3024	3023
3025	3022
3025	3024
3026	2493
3026	3022
3027	78
3028	78
3028	2888
3029	2888
3030	2442
3030	3029
3031	2442
3031	2640
3032	2548
3033	3032
3034	3033
3035	3034
3036	2411
3036	3035
3037	3036
3038	3037
3040	2517
3040	2652
3040	3039
3042	3041
3043	3042
3044	3170
3045	3182
3046	3045
3047	3177
3048	3174
3049	3059
3050	3138
3050	3259
3051	987
3051	3060
3052	3186
3053	3052
3054	3053
3055	3054
3056	3055
3057	3157
3057	3051
3057	3056
3058	3314
3058	3049
3058	3057
3059	3061
3061	3060
3063	3062
3064	3063
3065	3064
3066	3059
3066	3060
3066	3065
3068	3067
3069	3223
3069	3308
3070	3271
3071	3070
3071	3152
3072	3350
3073	3072
3074	3073
3075	3334
3076	3278
3077	3076
3078	3367
3079	3078
3079	3246
3079	3252
3080	3079
3081	3080
3081	3112
3083	3441
3084	3083
3086	3085
3086	3167
3087	3236
3088	3203
3089	3088
3089	3268
3091	3090
3091	3317
3092	3094
3093	3092
3093	3144
3094	3202
3094	3282
3095	3107
3095	3218
3096	3155
3097	3111
3098	3097
3099	3082
3100	3099
3101	3264
3102	3101
3103	3102
3104	3384
3104	3325
3105	3344
3106	3105
3106	3280
3107	3184
3108	3107
3109	3108
3110	3233
3111	3096
3111	3277
3113	3244
3115	3114
3115	3342
3116	3134
3117	3116
3118	4637
3119	3118
3120	3119
3121	3120
3122	3121
3123	3122
3124	3123
3125	3124
3126	3125
3127	3126
3127	3293
3128	3293
3129	3400
3130	3129
3131	3310
3132	3131
3133	3372
3133	3147
3134	3314
3135	3427
3136	3306
3138	3186
3139	3138
3140	3139
3141	3140
3142	3141
3142	3259
3142	3262
3143	3294
3144	3087
3144	3284
3145	3312
3146	3145
3147	3146
3148	3216
3148	3270
3148	3274
3149	3270
3150	3162
3151	3150
3152	3297
3153	3432
3154	3153
3154	3213
3155	3095
3156	3155
3157	3204
3158	3157
3159	3158
3160	3058
3160	3159
3161	3314
3161	3160
3162	3114
3162	3168
3164	3163
3165	3164
3166	3165
3167	3370
3167	3272
3168	3161
3168	3206
3169	3404
3170	3048
3170	3169
3171	3288
3171	3172
3172	3183
3173	3172
3174	3047
3174	3173
3175	3174
3176	5633
3177	3046
3177	3176
3178	3046
3178	3180
3179	4819
3180	3179
3181	3180
3182	3044
3182	3181
3184	3344
3185	3184
3185	3280
3187	3186
3188	3187
3189	3188
3190	3189
3191	3190
3192	3457
3193	3192
3193	3453
3194	3358
3195	3312
3196	3342
3196	3117
3196	3195
3197	53
3197	138
3198	3452
3199	3435
3200	3085
3200	3199
3201	3363
3202	3201
3203	3092
3203	3202
3204	3191
3205	3204
3206	3205
3207	3151
3207	3206
3208	3303
3209	3208
3209	3363
3210	3093
3211	3358
3212	3211
3213	3212
3214	3213
3215	3374
3216	3215
3216	3346
3217	4037
3218	3217
3219	3241
3220	3292
3221	3112
3221	3244
3222	3221
3223	3222
3224	77
3225	3224
3226	5563
3226	3225
3227	3226
3227	3257
3228	3227
3229	3166
3229	3228
3230	3146
3231	3143
3231	3146
3232	3397
3232	3296
3233	3297
3234	3269
3234	3341
3235	3408
3236	3235
3236	3285
3238	3242
3239	3238
3240	3380
3241	3220
3241	3247
3242	3209
3242	3237
3243	3248
3245	3244
3246	3245
3247	3240
3248	3247
3249	3248
3250	3249
3251	3132
3252	3320
3253	77
3253	3113
3253	3246
3254	3253
3256	3224
3256	3255
3257	3396
3258	3257
3259	3325
3260	3259
3261	3260
3262	3220
3262	3261
3263	3372
3265	3264
3266	3201
3266	3307
3267	3266
3268	3267
3269	3233
3270	3105
3271	3069
3272	3271
3272	3419
3273	3272
3274	3106
3274	3349
3275	3095
3275	3156
3275	3185
3275	3296
3276	3156
3277	3100
3277	3110
3277	3276
3278	3075
3278	3335
3279	3335
3279	4333
3281	3232
3281	3337
3281	3295
3282	3093
3282	3209
3282	3284
3284	3283
3285	3283
3286	3089
3286	3210
3287	3264
3287	3268
3287	3336
3288	76
3288	3170
3289	76
3289	3311
3290	3087
3290	3210
3290	3408
3290	3311
3291	3206
3291	3399
3292	3422
3292	3398
3293	3133
3294	3133
3294	3147
3296	3295
3297	3296
3298	3269
3298	3297
3299	3338
3299	3449
3300	3299
3301	3300
3302	3239
3303	3302
3304	3303
3304	3362
3305	3362
3306	3137
3307	3137
3307	3265
3308	3254
3308	3369
3308	3419
3309	3438
3310	3130
3311	3091
3312	3194
3312	3213
3312	3389
3313	3389
3314	3143
3314	3313
3315	76
3316	3315
3317	3316
3318	3317
3319	3318
3320	3319
3320	3364
3321	3103
3321	3346
3322	3321
3322	3350
3323	3072
3324	3135
3324	3302
3324	3323
3325	3050
3326	3325
3327	3215
3327	3326
3328	3374
3329	3149
3329	3328
3330	3418
3331	3077
3331	3109
3332	3077
3333	3332
3335	3334
3336	3281
3337	3081
3337	3320
3337	3336
3338	3298
3339	3338
3340	3339
3341	3340
3342	3235
3343	3285
3343	3342
3343	3431
3344	3330
3345	3109
3345	3330
3346	3348
3347	3295
3347	3373
3347	3348
3349	3348
3351	3074
3351	3350
3352	3074
3353	3137
3353	3305
3353	3352
3354	3432
3355	3354
3356	3355
3357	3356
3358	3357
3358	3395
3359	3433
3360	3255
3360	3359
3361	3255
3363	3362
3364	3317
3364	3433
3365	3364
3366	3365
3367	3366
3368	77
3368	3078
3368	3361
3369	77
3370	3229
3370	3273
3371	3230
3372	3230
3372	3251
3373	3280
3373	3349
3374	3148
3375	3140
3375	3378
3376	3292
3376	3378
3377	3291
3377	3376
3378	3377
3379	3387
3380	3379
3381	3380
3382	3243
3382	3381
3383	3250
3383	3382
3384	3321
3384	3383
3385	3219
3385	3425
3386	3385
3387	3324
3387	3386
3388	3390
3388	3145
3389	3145
3391	3390
3392	3391
3392	3403
3393	3251
3393	3263
3393	3392
3394	3263
3394	3388
3395	3388
3396	3224
3396	3226
3396	3369
3397	3152
3397	3223
3398	3399
3400	3068
3400	3128
3401	3068
3402	3401
3403	3310
3403	3402
3404	3182
3404	3432
3405	3153
3406	3405
3407	3406
3408	3196
3408	3214
3408	3407
3409	3334
3409	4081
3409	4333
3410	3075
3411	3410
3412	3411
3413	3412
3414	3413
3415	3414
3416	3415
3417	3416
3418	3149
3418	3417
3420	3257
3420	3273
3420	3369
3420	3419
3421	3227
3422	3219
3423	3207
3423	3422
3424	3423
3425	3424
3426	3115
3426	3425
3427	3426
3428	3427
3429	3428
3430	3237
3430	3429
3431	3237
3432	76
3433	3183
3433	3315
3434	3198
3435	3434
3436	3435
3437	3436
3438	3437
3440	3439
3440	3443
3441	3082
3441	3446
3442	3445
3442	3446
3444	3443
3445	3444
3447	3454
3448	3192
3448	3341
3448	3447
3449	3448
3450	3071
3450	3085
3450	3299
3451	3457
3451	3488
3452	3197
3452	3559
3453	3442
3454	3082
3454	3446
3454	3453
3455	3492
3455	3456
3456	3193
3457	3456
3458	3301
3458	3457
3459	3749
3460	3459
3460	4188
3461	3674
3462	4139
3463	3462
3463	4101
3464	3695
3465	3694
3466	3912
3466	4107
3467	4107
3468	3951
3469	3468
3469	3803
3471	75
3472	3471
3473	3851
3474	3473
3475	3949
3476	3913
3477	3476
3478	3477
3479	3478
3480	3904
3481	3714
3482	3481
3483	4328
3484	3483
3485	3484
3486	3485
3487	3486
3489	3488
3490	3489
3491	3490
3493	3492
3494	3493
3495	3494
3496	3517
3497	3496
3497	3512
3498	3512
3499	3533
3499	3720
3500	3720
3501	3506
3501	3513
3502	3513
3504	3491
3504	3540
3505	3491
3506	3540
3507	3506
3509	3508
3510	3509
3511	3508
3511	3510
3512	3508
3514	3513
3515	3514
3516	3507
3516	3514
3517	3495
3518	3517
3519	3504
3519	3518
3520	3504
3521	3810
3522	3836
3523	3808
3524	3576
3524	3954
3525	3524
3525	3538
3526	3538
3527	3526
3528	3527
3530	3529
3531	3530
3531	3721
3532	3954
3533	3498
3535	3534
3536	3535
3537	3536
3538	3537
3539	3589
3540	3500
3540	3589
3543	3542
3543	3617
3545	3544
3547	3546
3551	3550
3552	3551
3552	3861
3554	3553
3556	3555
3558	3557
3560	3488
3560	3559
3561	3451
3561	3492
3562	3445
3562	3455
3562	3529
3563	3443
3563	3529
3564	4079
3566	3565
3567	3566
3567	3689
3569	3568
3569	3677
3569	3687
3571	3570
3573	3572
3574	3573
3575	3574
3576	4230
3577	3576
3578	3577
3579	3578
3580	3579
3581	3580
3582	3581
3582	4311
3583	3523
3584	3583
3585	3584
3586	3897
3587	3586
3589	4039
3591	3590
3592	3591
3592	3809
3593	3809
3594	3593
3595	4134
3596	4007
3597	3596
3598	3597
3599	3572
3600	3572
3600	3648
3601	3648
3602	4057
3603	3602
3604	3611
3605	3604
3606	3605
3606	4371
3607	3610
3607	3778
3608	3607
3609	3608
3610	3609
3611	3603
3612	3611
3613	3612
3614	3615
3616	3615
3617	3614
3618	3819
3619	4242
3620	4317
3621	3620
3622	3621
3623	3622
3624	3623
3624	3896
3624	3987
3626	3965
3627	3626
3628	3627
3629	3628
3630	3629
3631	3630
3632	3631
3633	3632
3634	3633
3635	3634
3636	3635
3637	3636
3638	3637
3639	3638
3640	3639
3641	3640
3642	3641
3643	3642
3644	3643
3645	3644
3646	3645
3647	4372
3647	3646
3649	3541
3649	3648
3650	3541
3650	3575
3652	4058
3654	3653
3655	3654
3656	3655
3657	3656
3658	3657
3660	3659
3661	3660
3662	74
3662	3719
3664	3663
3666	3665
3667	3665
3667	3666
3668	3665
3669	3668
3670	3669
3672	3671
3673	3672
3674	3673
3674	4188
3675	4212
3676	75
3679	3681
3680	3678
3680	3679
3681	3678
3682	3681
3684	3683
3685	4324
3686	3685
3688	3569
3689	3688
3691	3690
3692	3691
3693	3690
3693	3692
3694	3690
3694	3775
3695	4226
3696	3695
3697	3696
3698	3697
3699	3889
3700	3699
3700	3840
3701	3749
3702	3651
3703	3702
3703	4108
3704	3475
3705	3704
3705	4138
3706	3606
3706	3902
3707	3658
3707	4220
3708	3658
3708	3814
3710	3709
3710	3943
3711	3909
3713	3712
3713	4104
3714	3480
3715	3739
3716	3715
3717	3990
3718	3487
3718	4012
3719	4334
3721	3532
3722	3687
3722	3721
3723	3687
3724	4101
3725	3724
3725	4296
3726	4296
3727	3726
3728	3727
3729	3728
3730	3729
3731	3730
3732	3731
3733	3724
3734	3733
3735	3734
3736	3735
3736	3952
3737	3952
3738	3714
3738	3737
3739	3738
3740	3739
3742	3741
3743	3742
3744	3743
3745	3744
3746	3745
3747	3746
3748	3747
3749	4043
3750	3895
3751	3750
3752	3751
3753	3752
3754	3753
3755	4330
3757	3756
3757	4371
3759	3758
3760	3759
3761	3758
3761	3760
3762	3758
3764	3763
3766	3765
3767	3766
3768	3765
3768	3767
3769	3765
3770	4242
3771	3770
3772	3771
3773	3772
3774	3773
3776	3775
3777	3776
3778	4316
3779	3778
3780	3779
3780	3905
3781	3905
3781	4198
3782	4051
3783	3782
3785	3784
3786	3785
3787	3784
3787	3872
3788	4119
3789	3788
3790	3789
3791	3522
3791	3803
3791	3808
3792	3791
3793	3792
3794	3793
3795	3794
3796	3795
3796	4147
3797	4147
3798	3797
3799	3798
3800	3799
3802	3801
3803	3802
3805	3804
3805	4028
3807	3806
3808	3807
3810	3809
3810	4084
3811	3541
3811	3741
3812	3747
3812	3741
3813	3650
3813	3748
3813	3812
3814	3748
3814	3972
3815	3819
3816	3815
3817	3816
3818	3817
3819	3818
3820	4277
3821	3820
3822	3547
3822	3821
3823	3547
3824	3823
3825	3764
3825	3827
3826	4011
3827	4011
3828	3827
3829	3828
3830	3829
3830	4309
3832	3831
3833	3832
3834	3833
3835	3834
3836	3521
3836	3835
3837	4074
3838	3754
3839	3754
3839	4236
3841	3555
3841	3840
3842	3555
3843	3842
3844	3713
3844	4284
3845	3844
3846	3467
3846	3790
3846	3845
3848	3847
3850	3849
3851	3850
3851	3928
3852	3704
3852	3647
3853	3852
3853	4136
3855	3854
3856	3855
3857	3854
3857	3856
3858	3854
3860	3859
3861	4104
3862	3861
3863	3862
3864	3863
3865	3864
3866	3865
3866	4234
3867	4041
3868	3867
3868	3867
3869	3846
3869	3992
3871	3870
3872	3871
3872	4119
3873	75
3873	3470
3874	3873
3875	3874
3876	3464
3876	3700
3876	3775
3877	3840
3878	4071
3879	3878
3880	3879
3881	3858
3881	3880
3882	3858
3884	3548
3884	3762
3884	3883
3885	3762
3885	3937
3885	3992
3887	3586
3888	3887
3889	3888
3889	3982
3890	3830
3891	3783
3891	4309
3892	3783
3894	3893
3896	3895
3897	3926
3898	3897
3899	3898
3900	3474
3901	3900
3902	3901
3902	4138
3904	3479
3904	3903
3906	3905
3907	3906
3908	3907
3909	3908
3909	4002
3910	3670
3910	5775
3911	3670
3912	3866
3912	3911
3914	3913
3915	3914
3916	3800
3918	3950
3919	3918
3920	3919
3921	3920
3922	3549
3922	3844
3922	3921
3923	3878
3923	4076
3924	3878
3925	4174
3926	3886
3926	3925
3927	3886
3928	3472
3929	3928
3930	3929
3931	3930
3932	3931
3933	3932
3934	3933
3935	3934
3937	3936
3937	4041
3939	3938
3940	3939
3941	3989
3942	3941
3943	3942
3945	3944
3946	3944
3947	3935
3948	3935
3949	3900
3949	3948
3950	3917
3951	3869
3951	3950
3952	3740
3953	3710
3953	3740
3955	3954
3955	4083
3956	4083
3957	4391
3958	3957
3959	3958
3960	3959
3961	3960
3962	3961
3963	3962
3964	3963
3965	3625
3965	3964
3966	3625
3967	3966
3968	3617
3968	3718
3968	3967
3969	3543
3969	3946
3969	4017
3970	3684
3970	3946
3970	4189
3971	3684
3972	3971
3973	3708
3974	3973
3975	3974
3976	3805
3976	3975
3977	3805
3978	4008
3979	3978
3981	3980
3982	3698
3982	3981
3984	3983
3985	3984
3986	3752
3987	3752
3988	4349
3989	3940
3989	3988
3990	3545
3992	3991
3993	3996
3994	3993
3995	3994
3996	3995
3997	3996
4000	3998
4000	3999
4001	3998
4002	4007
4003	4002
4004	4048
4005	3847
4006	4005
4007	4006
4008	4225
4009	4008
4010	4009
4011	4010
4012	3717
4013	4012
4014	4013
4015	4014
4016	4015
4017	4016
4019	4018
4020	3596
4021	3711
4022	3610
4022	3985
4023	4316
4024	4023
4025	4024
4026	4025
4027	4026
4028	4027
4029	4311
4030	3826
4030	4167
4031	4199
4031	3826
4032	3774
4032	4031
4033	55
4033	3979
4033	4032
4033	4186
4034	4114
4035	3896
4035	4334
4036	74
4036	4035
4037	3279
4037	3333
4037	4036
4038	3720
4038	4230
4039	3588
4039	4038
4041	4040
4042	4257
4043	4042
4046	4045
4047	3701
4047	3755
4047	4045
4048	4198
4049	4048
4050	4123
4051	4004
4051	4050
4052	4054
4054	4053
4055	4052
4055	4054
4056	4052
4057	3601
4057	4056
4058	3702
4061	4060
4061	4063
4063	4060
4063	4062
4065	4066
4066	4064
4067	4064
4068	4067
4069	3847
4069	4004
4070	4069
4071	4181
4072	4071
4073	4072
4074	4073
4075	4074
4076	3554
4076	4075
4078	3439
4078	4077
4079	3439
4079	3563
4080	4019
4081	4019
4082	3567
4083	4082
4085	4148
4086	4085
4087	4086
4088	4087
4089	4088
4090	3800
4090	3915
4091	4090
4092	4091
4093	4092
4094	4093
4095	4094
4096	4095
4097	4096
4098	4097
4099	4098
4100	4099
4101	4100
4103	3461
4103	4102
4105	4060
4105	4104
4106	3769
4106	4105
4107	3769
4109	4108
4110	3755
4110	4109
4111	4113
4112	4111
4114	4113
4115	4118
4116	4115
4117	4116
4118	4117
4119	4118
4120	4049
4121	4120
4122	4121
4123	4120
4123	4122
4124	3757
4125	4124
4126	4125
4127	4126
4129	4128
4130	3502
4130	5877
4131	3539
4132	4131
4133	4132
4134	4133
4135	4029
4136	58
4137	4136
4138	4219
4139	4103
4140	4139
4141	4140
4142	3823
4142	4141
4143	4144
4144	4143
4145	4144
4146	3916
4147	4146
4148	4084
4148	4147
4149	3521
4149	3594
4150	3594
4151	4150
4152	4151
4153	4152
4154	4153
4155	4154
4156	3459
4156	3882
4157	3882
4158	4157
4159	4158
4160	4339
4161	4160
4162	4161
4163	4162
4164	4163
4165	4164
4166	4135
4166	4165
4167	4135
4167	4166
4168	4172
4169	4168
4170	4169
4171	4170
4172	4171
4173	4172
4174	3924
4175	4059
4175	4174
4176	4175
4177	3587
4177	4176
4178	4177
4179	4178
4180	4179
4181	4180
4181	4261
4183	4182
4185	4183
4185	4184
4186	4182
4187	4110
4188	4187
4189	3815
4189	3997
4189	4240
4190	3997
4191	4190
4192	4191
4192	4361
4195	4194
4196	4194
4196	4195
4197	4194
4198	4197
4199	4001
4199	4082
4200	4001
4201	3956
4201	4200
4202	3686
4202	3987
4202	4034
4203	4202
4204	4203
4205	4204
4206	4205
4207	4206
4208	3595
4208	3893
4209	3777
4209	3893
4211	75
4211	4210
4212	3676
4215	4214
4216	4213
4216	4214
4217	4213
4218	4217
4219	4137
4219	4218
4220	4306
4221	3653
4221	4220
4222	3653
4223	4222
4224	4223
4225	3977
4225	4327
4226	3582
4226	4134
4227	4226
4228	4227
4229	4228
4230	4229
4231	3552
4231	3554
4232	4231
4233	3661
4233	3843
4233	4173
4234	3465
4234	4173
4236	4235
4236	4288
4238	4237
4239	4238
4240	4239
4240	4348
4241	4343
4242	4241
4243	4242
4244	4243
4246	4245
4247	4246
4249	4248
4250	4249
4251	3877
4251	4250
4252	4042
4253	4252
4254	4253
4255	4254
4256	4255
4257	3711
4257	4256
4259	4207
4259	4258
4260	4114
4260	4186
4260	4207
4261	4251
4262	3558
4262	4261
4263	3558
4263	3837
4264	3661
4264	3837
4264	4232
4265	3985
4265	4021
4266	4265
4267	4266
4268	4267
4269	4268
4270	4269
4271	4270
4272	4271
4273	4272
4274	3703
4274	4273
4275	4058
4275	4108
4276	4275
4277	3674
4277	4276
4279	4278
4280	4279
4281	4278
4281	4280
4282	4278
4283	3545
4283	4282
4283	4285
4285	3716
4286	4285
4287	4286
4289	4288
4290	4289
4291	4290
4292	4291
4293	4292
4294	4293
4295	4294
4297	3903
4297	4296
4298	3903
4299	4298
4300	4299
4301	4300
4302	3613
4302	3682
4303	4302
4304	4303
4305	4304
4306	4124
4306	4305
4308	4307
4309	4308
4311	4310
4313	4312
4314	4313
4315	4312
4315	4314
4316	4312
4317	3619
4318	4317
4319	4318
4321	4320
4322	4320
4323	4244
4323	4247
4323	4322
4325	3839
4325	4324
4326	3664
4326	4044
4326	4288
4327	3664
4327	4224
4328	3482
4329	4328
4330	4252
4331	4330
4332	4331
4333	74
4334	74
4336	4335
4337	4336
4338	4335
4338	4337
4339	4159
4339	4335
4341	4340
4342	4341
4343	3564
4343	4340
4344	4345
4346	4345
4347	3459
4347	4155
4347	4344
4348	3990
4348	4129
4349	4129
4350	4349
4351	3943
4351	4350
4352	3571
4352	4351
4353	3571
4354	3860
4354	4353
4355	3860
4356	3618
4356	4355
4357	3618
4358	4357
4359	4358
4360	4193
4360	4359
4361	4193
4362	3973
4362	4193
4363	3539
4363	4068
4363	4130
4364	4068
4365	4367
4366	4365
4367	4366
4368	4367
4369	4368
4370	4145
4370	4369
4371	4370
4372	2533
4373	4372
4374	4373
4375	4374
4376	4375
4377	4376
4378	4377
4379	4378
4380	4379
4381	4380
4382	4381
4383	4382
4384	4383
4385	4384
4386	4385
4387	4386
4388	4387
4389	4388
4390	4389
4391	4390
4392	4422
4393	4392
4394	4393
4394	4398
4395	4398
4396	4395
4398	4397
4399	4425
4400	4399
4401	4400
4401	4599
4402	39
4402	4599
4403	4406
4404	4403
4404	4607
4406	4405
4406	4516
4407	1229
4407	1271
4408	4407
4409	4408
4410	4517
4411	4410
4412	4411
4412	4516
4414	4413
4415	4414
4417	4416
4420	4419
4421	4420
4423	4422
4424	4472
4424	4598
4425	4598
4426	4399
4427	4426
4427	4538
4428	4403
4428	4427
4429	4403
4429	4518
4430	2061
4430	4588
4430	4518
4430	4614
4432	4431
4433	4432
4434	4433
4434	4438
4434	4458
4436	4435
4437	4436
4437	4580
4439	4438
4440	4439
4441	4440
4442	4441
4443	4442
4444	4431
4444	4443
4445	4431
4446	4445
4448	4447
4449	4448
4450	4449
4451	4450
4452	4409
4452	4451
4453	4409
4453	4526
4455	4454
4456	4455
4457	4456
4458	4454
4459	4555
4460	4459
4461	4596
4462	4501
4463	4521
4464	4463
4465	4464
4465	4575
4466	4489
4467	4466
4468	4467
4469	4468
4470	4521
4471	4470
4472	4415
4472	4482
4473	4415
4474	4461
4474	4473
4475	4461
4476	4475
4477	4561
4479	4478
4480	4563
4481	4419
4481	4480
4482	4419
4482	4487
4484	4483
4484	4486
4486	4483
4486	4485
4487	4423
4487	4483
4489	4488
4489	4540
4491	4490
4492	4491
4493	4492
4493	4500
4494	4500
4494	4529
4495	4411
4496	4495
4498	4497
4499	4498
4500	4519
4502	4501
4503	4502
4504	4503
4505	4504
4506	4505
4507	4506
4508	4507
4509	4496
4509	4508
4510	4495
4510	4509
4511	4510
4512	4511
4513	4512
4514	4513
4515	4514
4516	4515
4518	4517
4519	4438
4519	4499
4520	4446
4520	4458
4521	4446
4522	4471
4523	4465
4523	4471
4524	4462
4524	4579
4525	4501
4526	4410
4526	4525
4527	1936
4527	4517
4527	4591
4528	4522
4528	4558
4529	4528
4530	4522
4530	4529
4531	4530
4532	4531
4533	4459
4533	4532
4534	4555
4535	4534
4536	4543
4537	4536
4538	4537
4540	4462
4540	4539
4542	4418
4542	4535
4542	4541
4543	4535
4544	4596
4545	4596
4546	4545
4547	4546
4548	4547
4549	4548
4550	4549
4551	4550
4552	4551
4553	4552
4554	4553
4555	4554
4556	4447
4557	4463
4557	4576
4558	4521
4559	4478
4559	4494
4560	4478
4561	4476
4561	4560
4562	4561
4563	4562
4564	4437
4564	4563
4565	4580
4566	4565
4567	4566
4569	4568
4570	4569
4571	4570
4572	4571
4573	4567
4573	4572
4574	4557
4575	4574
4575	4579
4576	4556
4577	4576
4578	4577
4579	4578
4581	4580
4582	4581
4583	4582
4584	4583
4585	4584
4586	4585
4587	4423
4587	4586
4588	4591
4589	4416
4589	4588
4590	4589
4591	2029
4591	4590
4593	4592
4594	4593
4595	4592
4595	4594
4596	4460
4596	4592
4598	4597
4600	4599
4601	4600
4602	4601
4603	4602
4604	4603
4605	4604
4606	4605
4607	4606
4608	4404
4609	4608
4610	4616
4611	4610
4613	4612
4614	4613
4616	4609
4616	4615
4618	4617
4619	4743
4619	4716
4620	4848
4621	4620
4622	1280
4622	4795
4624	4623
4626	4625
4627	4626
4628	4627
4629	4628
4630	4629
4631	4630
4632	4631
4633	4632
4635	4634
4636	4633
4636	4635
4637	4633
4639	4638
4640	4639
4643	4852
4645	4644
4646	4645
4647	4644
4647	4646
4648	4644
4651	4650
4653	4652
4654	4653
4655	4652
4655	4654
4656	4652
4657	4634
4658	4657
4659	4658
4660	4859
4661	4660
4661	4689
4662	4619
4662	4834
4663	4763
4663	4834
4664	4763
4664	4826
4665	4803
4667	4666
4668	4667
4669	4668
4670	4669
4671	4670
4672	4671
4673	4672
4673	4764
4674	4764
4675	4674
4676	4675
4677	4844
4678	4677
4679	4678
4680	4679
4682	4681
4683	4682
4684	4681
4684	4683
4685	4681
4686	4802
4687	4641
4687	4686
4688	4687
4689	4731
4690	4689
4691	4690
4691	4886
4692	4867
4693	4692
4694	4693
4694	4843
4696	4877
4698	4697
4699	4698
4699	4821
4700	4958
4701	4822
4702	4701
4703	4702
4704	4703
4705	4704
4706	4705
4707	4706
4708	4803
4709	4708
4710	4709
4710	4806
4712	4711
4713	4712
4714	4713
4715	4714
4716	4731
4717	4716
4718	4717
4719	4718
4720	4719
4721	4720
4722	4879
4723	4722
4725	4724
4726	2056
4726	4685
4726	4725
4726	4729
4727	4785
4728	4727
4729	2036
4729	2072
4730	4796
4732	4731
4733	4618
4733	4732
4734	4733
4735	4734
4736	4643
4736	4735
4737	4643
4738	4737
4738	4818
4739	4818
4740	4739
4741	4740
4741	4751
4743	4732
4744	4743
4745	4744
4746	4648
4746	4745
4747	4648
4748	4649
4748	4747
4749	4748
4750	4749
4751	4742
4751	4750
4752	4742
4753	4752
4754	4753
4755	4754
4755	4873
4756	4780
4757	4778
4758	4757
4759	4713
4759	4758
4760	4713
4761	4760
4762	4761
4763	4762
4765	4764
4766	4765
4767	4766
4768	4767
4769	4768
4770	4769
4771	4770
4772	4771
4773	4772
4774	4773
4775	4774
4776	4775
4777	4776
4779	4778
4780	4757
4783	4782
4783	4883
4784	4782
4785	4784
4786	4785
4787	4786
4788	4787
4789	4826
4790	4789
4792	4651
4792	4791
4793	4651
4794	4793
4795	4621
4795	4794
4797	4728
4797	4796
4798	4797
4799	4723
4799	4893
4799	4860
4800	4860
4801	4640
4804	4803
4805	4804
4806	4805
4807	4730
4808	4724
4808	4730
4809	4724
4810	4800
4810	4809
4811	4810
4812	4710
4812	4863
4813	4802
4813	4811
4813	4863
4814	4676
4815	4814
4816	4815
4817	4816
4818	4817
4820	4819
4821	4700
4821	5061
4822	4958
4822	5263
4823	2081
4824	4686
4824	4823
4825	4708
4825	4866
4826	4665
4826	4871
4827	4756
4827	4871
4828	4756
4828	4873
4829	4680
4829	4755
4829	4791
4830	4791
4831	4830
4832	4831
4832	4848
4833	13
4833	4848
4835	4834
4836	4835
4837	4836
4838	4837
4839	4838
4840	4839
4841	4840
4842	4841
4843	4842
4844	4814
4845	4844
4846	4656
4846	4845
4847	4846
4848	4847
4850	4849
4851	4642
4851	4850
4852	4642
4853	4852
4854	4853
4855	4854
4856	4855
4857	4856
4858	4857
4859	4659
4859	4858
4861	4860
4862	4861
4863	4862
4864	4863
4865	4864
4866	4802
4866	4843
4866	4865
4867	4721
4867	4886
4868	4867
4869	4868
4870	4869
4872	4871
4874	4781
4874	4873
4875	4874
4876	4695
4876	4875
4877	4695
4878	4877
4879	4878
4880	4623
4880	4879
4881	4623
4882	4783
4882	4881
4883	4782
4884	4883
4885	4884
4887	4886
4888	4887
4889	4888
4890	4872
4891	4872
4892	4891
4893	4790
4893	4806
4893	4892
4895	4894
4895	4894
4897	4896
4898	4897
4899	5604
4901	4900
4902	4901
4903	4902
4904	4903
4905	4904
4905	4988
4906	5292
4907	4906
4908	73
4908	5307
4909	73
4911	4910
4911	5378
4912	5135
4913	4912
4915	4914
4915	5375
4919	4918
4920	4994
4920	5584
4923	4921
4923	4922
4924	4921
4924	5455
4926	4925
4927	4926
4927	5543
4929	4928
4929	4931
4931	4930
4931	5540
4932	5996
4933	5430
4934	4933
4934	5311
4935	5311
4936	5464
4936	5289
4937	5289
4938	3183
4938	4937
4939	5006
4939	5034
4940	4939
4941	5332
4942	5332
4943	4942
4944	4943
4945	4944
4946	4945
4946	5078
4946	5333
4947	5003
4948	5286
4948	5586
4949	5513
4950	4949
4951	4950
4952	4951
4953	4952
4954	4940
4954	5104
4954	5113
4955	4954
4956	4955
4960	4959
4961	4917
4961	4959
4962	4961
4963	4962
4964	4963
4965	4964
4966	4965
4967	4966
4967	5638
4968	5221
4969	5350
4970	5248
4971	5400
4972	4971
4972	5156
4973	5156
4973	5565
4975	4974
4976	4975
4977	5626
4977	5214
4980	4978
4980	4979
4981	4978
4982	4981
4983	4982
4984	4983
4986	5575
4987	5463
4987	5431
4988	5431
4990	4989
4991	5508
4991	5526
4992	4991
4993	4992
4994	4993
4995	4994
4996	4995
4996	5035
4996	5584
4997	5141
4997	5270
4998	4997
4999	4998
5000	5141
5001	5000
5001	5239
5001	5527
5003	5002
5004	5003
5004	5533
5004	5612
5005	5217
5005	5612
5006	4973
5006	5083
5007	72
5007	5225
5009	5008
5009	5373
5010	5103
5011	5010
5012	4916
5012	5011
5013	5012
5014	5013
5015	5014
5017	5016
5018	5017
5019	5016
5020	5150
5021	5020
5021	5151
5021	5266
5022	4974
5024	5345
5025	5024
5026	5025
5026	5096
5026	5256
5027	5244
5029	5028
5030	5029
5031	5401
5032	5031
5033	5032
5034	5154
5036	5296
5037	5036
5038	5027
5039	1955
5039	2047
5039	5244
5040	5082
5040	5478
5041	5040
5042	5041
5043	5028
5043	5410
5044	5028
5046	5045
5047	5046
5047	5048
5048	5453
5049	5262
5050	5262
5051	1480
5051	1603
5052	5051
5053	5503
5053	5062
5054	1974
5054	2109
5055	5133
5055	5361
5056	5055
5057	5056
5058	4974
5058	5057
5058	5479
5059	4976
5059	5058
5060	5139
5060	5493
5062	4967
5062	5406
5064	71
5064	5369
5065	71
5066	5065
5067	5066
5068	5067
5069	5068
5070	5069
5070	5130
5071	5130
5071	5138
5072	5071
5073	5072
5074	5149
5075	5074
5076	5075
5077	5076
5079	5414
5080	5079
5081	5080
5082	5081
5082	5334
5083	5569
5084	5083
5085	5084
5086	5085
5087	5086
5088	5087
5088	5113
5089	5073
5090	5089
5090	5092
5092	5091
5094	5093
5095	5027
5095	5094
5096	5038
5096	5061
5096	5095
5098	5097
5101	5099
5101	5100
5102	5099
5103	5102
5105	5104
5106	5105
5107	5357
5108	5107
5109	4896
5109	5108
5110	4898
5110	4896
5110	5360
5111	5360
5112	5111
5113	5112
5114	5271
5115	5114
5116	5273
5117	5116
5117	5365
5118	5331
5119	4920
5119	5118
5120	5035
5120	5135
5121	5186
5122	5121
5122	5562
5122	5575
5123	5562
5124	5123
5124	5183
5125	5183
5127	5126
5128	5440
5131	5130
5132	5131
5133	5132
5133	5452
5134	5219
5135	4915
5136	5088
5137	5136
5138	5077
5139	5059
5139	5077
5141	5140
5142	5545
5142	5596
5142	6042
5143	5596
5144	5143
5144	5601
5147	5146
5148	5147
5149	5089
5149	5092
5149	5148
5151	5150
5153	5152
5154	5033
5154	5153
5155	5154
5156	5155
5158	5157
5159	5158
5160	5159
5161	5160
5162	5161
5162	5225
5162	5565
5163	5230
5164	5163
5165	5164
5166	5165
5167	5166
5168	5167
5169	5294
5169	5297
5170	5297
5171	70
5172	4919
5172	5363
5173	4919
5174	5173
5176	5175
5176	5203
5177	5104
5177	5367
5177	5405
5178	5088
5179	5178
5180	5179
5181	5180
5182	5181
5183	5182
5184	1973
5184	5023
5184	5346
5186	4989
5186	5379
5187	5186
5189	5188
5190	5189
5191	5190
5191	5406
5191	5469
5193	5192
5193	5526
5194	5134
5194	5172
5195	5628
5196	5195
5197	5196
5198	4640
5198	4820
5198	5061
5199	5198
5200	5199
5201	5200
5202	5201
5202	5256
5203	5638
5204	5203
5205	5204
5206	5205
5207	5206
5208	5249
5209	5208
5210	5209
5211	5210
5212	5211
5213	5212
5214	5213
5215	5339
5215	5569
5216	4912
5216	5374
5216	5379
5216	5426
5217	5325
5217	5433
5218	5377
5219	5375
5220	5219
5222	5221
5222	5509
5223	5157
5224	5223
5225	5224
5226	4968
5227	5221
5227	5510
5228	5020
5228	5265
5229	5150
5229	5537
5229	5601
5231	5230
5232	5231
5233	5202
5233	5232
5234	4958
5234	5038
5235	5264
5236	5235
5237	5236
5238	5237
5238	5263
5239	69
5240	69
5241	5240
5241	5329
5242	5241
5242	5363
5242	5508
5243	1981
5244	5243
5246	157
5246	5245
5247	5442
5248	5279
5248	5171
5249	5248
5251	5250
5252	5251
5253	5250
5253	5277
5254	5346
5255	5254
5256	5255
5258	5257
5259	5197
5259	5258
5260	70
5260	5197
5262	5261
5264	5234
5264	5263
5265	5355
5266	5265
5266	5356
5269	5267
5269	5268
5270	5267
5271	5128
5271	5278
5272	5271
5273	5115
5273	5272
5276	5274
5276	5275
5277	5030
5277	5274
5279	5278
5279	5326
5279	5461
5281	5280
5282	5281
5282	5371
5282	5421
5284	5283
5285	5284
5286	5283
5286	5533
5287	5296
5288	5036
5289	5288
5290	5005
5290	5534
5291	4988
5291	5592
5292	302
5292	4905
5293	302
5294	5168
5295	5294
5296	5295
5297	5037
5298	5037
5298	5383
5299	156
5299	203
5300	5413
5301	5300
5302	5301
5303	5302
5303	5640
5304	5430
5304	5603
5307	5306
5308	73
5308	5307
5309	73
5310	5309
5310	5426
5310	5611
5311	5381
5312	5607
5313	5312
5314	5313
5315	5572
5316	5315
5317	5316
5318	5317
5319	5318
5320	5319
5322	5321
5322	5373
5322	5522
5323	5322
5325	5324
5325	5592
5326	5260
5327	70
5327	4970
5327	5333
5327	5383
5328	69
5328	5280
5329	5280
5329	5389
5331	5330
5333	5332
5334	5333
5335	5253
5335	5571
5335	5610
5336	5277
5337	5336
5337	5378
5337	5532
5339	5338
5341	5340
5343	5342
5344	5343
5345	5023
5346	5345
5347	5138
5347	5484
5348	5347
5349	5348
5350	5349
5351	5570
5352	69
5352	5570
5353	5454
5354	1974
5354	5050
5355	5510
5356	5355
5356	5509
5357	5106
5358	4956
5358	5357
5359	4956
5360	5359
5361	5049
5362	5049
5362	5353
5364	5363
5366	4894
5366	5365
5367	4969
5367	5366
5368	5367
5369	5063
5369	5368
5370	5044
5370	5352
5370	5571
5371	5328
5373	5372
5375	5374
5376	5208
5376	5461
5377	4970
5377	5249
5377	5334
5378	5344
5379	5344
5381	5380
5381	5607
5382	70
5382	5170
5383	5382
5384	5389
5385	5384
5386	5385
5387	5386
5388	5387
5389	5388
5390	5125
5390	5339
5391	5390
5392	5391
5393	5392
5394	5393
5395	5394
5396	5395
5397	5396
5398	5397
5399	5305
5399	5398
5400	5157
5400	5403
5401	4985
5401	5400
5402	5214
5402	5218
5402	5401
5403	5218
5404	5368
5405	5368
5407	5103
5407	5406
5408	5019
5408	5499
5409	5019
5410	5409
5410	5502
5412	5411
5413	203
5413	5412
5414	5078
5415	5414
5416	5415
5417	5042
5417	5416
5418	5042
5419	5418
5419	5475
5420	72
5420	5007
5420	5475
5421	5384
5424	5423
5425	5424
5426	5425
5427	5082
5428	5427
5429	72
5429	5428
5430	5305
5430	5420
5432	5324
5432	5431
5433	5324
5433	5611
5434	5254
5434	5630
5435	5278
5435	5434
5436	5128
5437	5184
5437	5436
5438	5437
5439	5438
5440	5129
5440	5439
5441	5129
5442	5441
5443	5117
5443	5442
5443	5645
5444	5645
5445	5444
5446	5445
5447	4969
5447	5446
5447	5487
5448	5350
5448	5404
5449	5404
5450	71
5450	5449
5451	71
5452	5451
5453	5452
5454	5453
5456	5455
5458	5456
5458	5457
5459	4924
5460	5114
5461	5460
5463	5462
5463	5473
5464	4941
5464	5298
5465	4941
5467	5466
5468	5467
5469	5468
5471	5470
5472	4957
5472	5471
5472	5519
5473	4986
5473	5514
5474	154
5474	5473
5476	5475
5477	5476
5478	72
5478	5477
5479	5126
5480	5479
5481	5482
5483	5481
5483	5482
5484	5481
5484	5494
5486	5485
5487	5347
5487	1970
5489	5488
5490	5489
5491	5488
5491	5490
5492	5488
5494	5493
5497	5495
5497	5496
5498	5010
5498	5495
5499	5556
5500	5492
5501	5500
5502	5501
5502	5572
5503	4927
5503	5052
5504	1488
5504	5176
5504	5503
5507	5505
5507	5506
5508	5505
5510	5509
5512	5511
5513	5511
5514	5513
5514	5516
5516	5515
5517	169
5518	5517
5519	5518
5520	5472
5521	5341
5521	5520
5522	5341
5523	5009
5523	5098
5524	5098
5525	5118
5525	5459
5525	5524
5526	5331
5526	5421
5527	5371
5527	5545
5528	2098
5528	5247
5529	5528
5530	5529
5532	5531
5533	5035
5534	5533
5535	4968
5536	5222
5536	5535
5537	5145
5537	5151
5538	5145
5539	5538
5541	5540
5542	5540
5542	5541
5543	4929
5543	5546
5544	5000
5545	5270
5546	6042
5547	5546
5548	5547
5549	5548
5550	5549
5551	5550
5552	5551
5553	5552
5554	5553
5555	4984
5555	5554
5556	4984
5556	5498
5557	4911
5557	5134
5557	5374
5557	5610
5558	5532
5559	5558
5560	5559
5561	5560
5562	5561
5564	4935
5564	5078
5564	5563
5566	5565
5567	5566
5568	5567
5569	5568
5571	5570
5573	5572
5575	5574
5577	5576
5578	5577
5579	5520
5579	5578
5580	5520
5581	5580
5582	5581
5583	5582
5583	5586
5584	4948
5586	5585
5588	5050
5588	5362
5588	5587
5590	5589
5591	5590
5592	5591
5594	5593
5595	5492
5595	5499
5595	5594
5597	5596
5598	5597
5599	4932
5599	5598
5600	5599
5601	5600
5603	5602
5604	5602
5604	5603
5604	5639
5605	5602
5606	5605
5607	5422
5607	5606
5609	5608
5610	5609
5612	5611
5613	5539
5614	5613
5615	5614
5616	5527
5616	5615
5617	5043
5617	5239
5618	5502
5619	45
5619	5048
5619	5618
5620	5047
5620	5486
5621	5620
5622	5063
5622	5621
5623	5063
5623	5405
5624	5034
5624	5177
5624	5365
5625	4985
5625	5624
5626	4985
5627	5376
5627	5626
5628	5326
5629	5257
5629	5628
5630	5185
5630	5257
5631	5185
5632	5230
5632	5631
5633	3175
5633	5163
5635	5634
5636	5635
5637	5636
5638	5637
5639	5641
5640	5639
5641	5640
5642	5641
5644	5530
5644	5643
5645	5530
5648	5647
5650	5653
5651	5650
5652	5651
5653	5652
5654	5657
5655	5654
5656	5655
5657	5656
5658	5661
5659	5658
5660	5659
5661	5660
5662	5665
5662	5702
5663	5662
5664	5663
5665	5664
5668	5667
5670	5669
5670	5787
5671	4146
5672	5671
5673	5672
5674	5813
5675	5674
5675	5741
5677	5676
5678	5682
5679	5678
5680	5679
5681	5666
5681	5680
5682	5681
5683	5682
5686	5685
5687	5686
5688	5877
5688	5837
5689	91
5689	5733
5691	5767
5692	5700
5692	5737
5693	3516
5694	5693
5695	5745
5696	5695
5697	5696
5698	5697
5699	5698
5700	5691
5701	5700
5703	5702
5703	5818
5704	5712
5704	5818
5705	5712
5706	5705
5707	5706
5708	5707
5709	5708
5710	5709
5711	5710
5713	5763
5713	5751
5714	5751
5714	5871
5715	5721
5715	5766
5716	5820
5717	5791
5718	5865
5719	5718
5720	5719
5721	5720
5722	5721
5723	5683
5723	5722
5724	5838
5725	5838
5726	5725
5726	5916
5728	5727
5729	5717
5729	5841
5730	5729
5731	3520
5732	5731
5733	5732
5734	5733
5735	5768
5736	5735
5737	5736
5739	5738
5740	5690
5740	5916
5742	5741
5743	5742
5744	5716
5744	5743
5745	5716
5745	5809
5746	5782
5746	5831
5747	5907
5748	5747
5748	5883
5750	5749
5751	5750
5753	5646
5753	5752
5754	5897
5754	5781
5754	5830
5755	5845
5756	5755
5757	5756
5759	5758
5760	5758
5760	5782
5760	5836
5761	5650
5762	5761
5763	5712
5763	5762
5764	5670
5765	3583
5765	5905
5765	5772
5766	5772
5766	5820
5767	5740
5767	5892
5768	5734
5768	5892
5770	5769
5771	5786
5771	5783
5771	5921
5773	5772
5774	5773
5775	5665
5776	5661
5776	5702
5777	5658
5778	5657
5778	5777
5779	5654
5780	5761
5780	5779
5781	5847
5782	5781
5784	5783
5785	5784
5786	5770
5786	5785
5787	5829
5788	5787
5789	5788
5790	5789
5791	5764
5791	5790
5792	5764
5794	5793
5794	5837
5795	272
5796	5795
5797	5796
5798	5797
5799	5798
5800	5799
5800	5885
5801	5847
5801	5885
5802	5830
5803	5802
5804	5803
5805	5804
5805	5912
5806	5887
5807	5806
5808	5649
5808	5807
5810	5809
5811	5810
5812	5668
5812	5811
5813	5825
5813	5812
5814	5783
5815	5692
5815	5921
5816	5737
5817	5816
5819	5818
5820	5695
5821	5809
5822	5821
5823	5667
5823	5699
5823	5822
5824	5667
5825	5673
5825	5824
5826	5670
5826	5867
5827	5755
5829	5828
5829	5845
5830	5836
5832	5831
5833	5832
5834	5833
5835	5834
5836	5835
5836	5907
5838	5837
5839	5815
5840	5839
5842	5841
5843	5842
5844	5843
5845	5844
5846	5831
5847	5746
5848	5863
5849	5848
5850	5849
5851	5850
5852	5862
5853	5852
5854	5853
5855	5854
5856	5855
5857	5808
5857	5856
5858	5
5858	5857
5859	5805
5859	5863
5860	5728
5860	5912
5861	5677
5861	5860
5862	5851
5862	5861
5863	5741
5864	5859
5864	5883
5865	5748
5866	5865
5867	5866
5868	5814
5868	5867
5869	5687
5869	5814
5870	5891
5871	5684
5871	5903
5872	5714
5873	5872
5874	5711
5874	5726
5874	5873
5875	5711
5876	3503
5876	5875
5877	3503
5878	5690
5878	5739
5879	5724
5879	5878
5880	5724
5881	5880
5882	5694
5882	5733
5882	5794
5882	5881
5884	5883
5885	5840
5886	5885
5887	5886
5889	5888
5890	5889
5891	5687
5891	5890
5893	5892
5894	5893
5895	5894
5896	5648
5897	5753
5897	5896
5898	5896
5899	5898
5900	5899
5901	5900
5902	5852
5902	5901
5903	5653
5903	5870
5904	5903
5905	5723
5906	5905
5908	5907
5909	5908
5910	5909
5911	5910
5913	5912
5914	5913
5915	5914
5917	5916
5918	5701
5918	5917
5919	5701
5920	5919
5921	5920
5922	5539
5923	5922
5923	6104
5924	6053
5924	6105
5925	6074
5928	5927
5931	5930
5931	5933
5933	5932
5935	5934
5936	5968
5936	6018
5937	5936
5938	5937
5940	5939
5940	5942
5940	5991
5942	5941
5942	5944
5944	5943
5944	5946
5946	5945
5951	5950
5951	5998
5951	6024
5953	5952
5953	5955
5953	6024
5955	5954
5955	5957
5957	5956
5957	5979
5959	5958
5959	5961
5959	6025
5961	5960
5961	5963
5963	5962
5963	5969
5965	5964
5965	5969
5966	5949
5966	6019
5967	5949
5968	5967
5970	5969
5970	6010
5971	5993
5972	5971
5973	5972
5974	5973
5976	5975
5977	5976
5978	5977
5978	6104
5978	6105
5979	6025
5980	5979
5980	6079
5980	6086
5981	6051
5982	5981
5983	5982
5984	5983
5985	6027
5985	5984
5985	6028
5986	6021
5987	5986
5988	5987
5989	5988
5990	6055
5991	5947
5992	5991
5993	6086
5994	6087
5994	5974
5994	5993
5996	5995
5998	5997
6000	5999
6001	6000
6002	6001
6003	6002
6003	6004
6004	6077
6005	6084
6006	6005
6007	6006
6007	6023
6008	5986
6009	6008
6009	6079
6010	5971
6011	6010
6011	6054
6012	6088
6014	6013
6015	1562
6015	6019
6016	6090
6017	6014
6017	6076
6017	6090
6018	6014
6020	6058
6021	6007
6023	6022
6024	6005
6025	6030
6026	5968
6026	6094
6026	5991
6027	5946
6027	6031
6029	5992
6030	5992
6031	5931
6031	6030
6032	5933
6033	5935
6033	6032
6034	5935
6035	5975
6035	6034
6036	5975
6038	6037
6039	6038
6040	6039
6040	6056
6040	6077
6041	5948
6042	4932
6043	5996
6044	5928
6044	5929
6044	6043
6045	5928
6046	6045
6047	6046
6048	6047
6049	6048
6050	6049
6051	6050
6051	6074
6052	6099
6053	5974
6054	6053
6054	6088
6056	6055
6056	6084
6057	6020
6058	6019
6058	6057
6060	6059
6061	6060
6062	6061
6063	5948
6063	6062
6064	6063
6065	6064
6066	6065
6067	6066
6068	5948
6068	6067
6069	6068
6070	6020
6070	6069
6072	6071
6073	5926
6073	6072
6074	5926
6076	5966
6076	6075
6078	6077
6080	5989
6080	6079
6082	5949
6082	6081
6083	6082
6085	6055
6085	6084
6087	6080
6087	6086
6089	6088
6091	6090
6092	6091
6093	1681
6094	6098
6095	5998
6095	6018
6096	6003
6097	6004
6097	6095
6098	6093
6099	6071
6099	6098
6100	5985
6100	6071
6101	6028
6102	6101
6103	6102
6104	6103
6105	5965
