0 7
5852
5853
5854
5855
5856
5857
5858
1 4
3477
3478
3479
3904
2 4
1
2
3
4
3 6
1985
1986
2115
2114
2113
2112
4 5
5924
6053
6054
6088
6012
5 16
153
294
186
249
152
187
248
247
246
245
281
244
210
209
208
207
6 5
3714
3480
3904
3479
3478
7 15
5472
5520
5521
5341
5522
5322
5373
5009
5523
5098
5524
5525
5118
5331
5330
8 21
4391
3957
3958
3959
3960
3961
3962
3963
3964
3965
3625
3966
3967
3968
3718
3487
3486
3485
3484
3483
4328
9 15
5862
5851
5850
5849
5848
5863
5859
5864
5883
5748
5747
5907
5908
5909
5910
10 5
3904
3479
3478
3477
3476
11 5
436
354
353
352
351
12 9
2179
2236
361
362
363
364
365
366
436
13 9
2578
2507
2704
2705
2706
2707
2708
2803
2802
14 10
153
294
186
249
152
187
248
247
246
245
15 19
5684
5871
5903
5870
5891
5687
5869
5814
5868
5867
5866
5865
5748
5883
5864
5859
5863
5741
5675
16 11
1784
1785
1748
1749
1750
1751
1752
743
555
744
745
17 12
5361
5055
5056
5057
5058
4974
5022
2104
1958
2127
2125
2124
18 13
5853
5852
5862
5851
5850
5849
5848
5863
5859
5864
5883
5748
5865
19 18
5613
5614
5615
5616
5527
5371
5282
5421
5526
5331
5118
5525
5459
4924
5455
5456
5458
5457
20 9
2951
2839
2952
2953
2884
2870
2869
2867
2868
21 10
2213
2191
2146
2250
2249
2207
2240
2231
2229
2195
22 5
4573
4567
4566
4565
4580
23 17
5092
5149
5074
5075
5076
5077
5139
5060
5493
1961
1970
1969
1968
2039
2007
1918
2006
24 17
5328
5371
5527
5616
5615
5614
5613
5539
5922
5923
6104
6103
6102
6101
6028
5985
5984
25 15
3236
3087
3290
3210
3286
3089
3268
3287
3264
3101
3102
3103
3321
3346
3348
26 19
1117
1097
1116
1184
1181
1159
1236
1064
1160
1065
1066
1067
1441
1442
1443
1047
1040
1041
1042
27 6
1272
1398
1397
1387
1386
1385
28 25
808
748
621
548
602
603
604
753
605
606
890
607
608
930
609
914
915
578
865
916
917
918
919
725
726
29 20
153
294
186
249
152
187
248
247
246
199
198
310
148
147
211
244
210
209
208
207
30 16
2054
2053
2052
2051
2097
2098
1963
5643
1962
2010
1970
1961
5493
5060
1960
1959
31 10
6012
6088
6054
6011
6010
5971
5993
5994
6087
6080
32 18
6096
6003
6004
6097
6095
6018
5936
5968
6026
6094
6098
6093
1681
82
1682
1683
1653
1552
33 28
2906
2907
2712
2546
2547
2711
2548
3032
3033
3034
3035
3036
3037
3038
2449
2704
2507
2448
2447
2905
2425
2904
2903
2282
2902
2890
2901
2900
34 8
4527
2121
2122
1934
2046
1891
1966
1967
35 4
436
354
437
429
36 26
5876
5875
5711
5874
5873
5872
5714
5871
5903
5870
5891
5687
5869
5814
5868
5867
5866
5865
5748
5883
5864
5859
5863
5848
5849
5850
37 6
436
354
437
395
430
446
38 8
2272
3021
2883
2271
2635
2639
2634
2633
39 25
5
5858
5857
5856
5855
5854
5853
5852
5862
5851
5850
5849
5848
5863
5741
5675
5674
5813
5812
5811
5810
5809
5745
5695
5696
40 4
436
354
437
429
41 6
50
326
325
324
323
322
42 17
4146
5671
5672
5673
5825
5813
5674
5675
5741
5863
5848
5849
5850
5851
5862
5852
5853
43 11
5847
5801
5885
5886
5887
5806
5807
5808
5857
5858
5
44 19
5439
5440
5129
5441
5442
5443
5645
5444
5445
5446
5447
4969
5350
5448
5404
5449
5450
71
5451
45 37
108
145
146
158
231
333
251
138
3197
3452
3198
3434
3435
3199
3200
3085
3450
3071
3152
3397
3232
3281
3337
3320
3364
3433
3183
3172
3173
3174
3175
5633
5163
5230
5231
5232
5233
46 12
2644
2618
2643
2358
79
2803
2708
2707
2706
2705
2704
2507
47 6
3482
3481
3714
3480
3904
3479
48 11
2139
2220
2140
2221
2184
2237
2238
2239
2176
2175
2174
49 21
2899
2900
2901
2890
2902
2282
2903
2904
2425
2905
2447
2448
2507
2704
2449
3038
2550
2642
2450
2269
2268
50 28
5171
70
5260
5326
5628
5629
5257
5630
5434
5254
5346
5184
1973
2094
81
2049
1913
2050
2051
2052
2053
2054
2055
2056
4726
4725
4724
4809
51 4
3904
3480
3714
3481
52 4
4420
4419
4481
4480
53 8
5830
5754
5781
5847
5801
5885
5840
5839
54 34
3096
3155
3095
3218
3217
4037
4036
4035
3896
3624
3987
4202
4034
4114
4260
4186
4033
4032
4031
3826
4030
4167
4135
4029
4311
3582
4226
3695
3696
3697
3698
3982
3981
3980
55 23
3420
3419
3272
3167
3086
100
3438
3437
3436
3435
3434
3198
3452
3197
138
251
333
231
332
307
213
306
212
56 19
6096
6003
6004
6097
6095
6018
6014
6017
6076
5966
6019
6015
1541
1602
1524
1639
1633
1697
1696
57 15
4973
5006
4939
5034
5624
5177
5405
5623
5063
5622
5621
5620
5047
5046
5045
58 19
48
49
326
173
327
328
329
87
330
233
280
331
307
89
90
91
5689
5733
5882
59 13
4237
4238
4239
4240
4348
4129
4349
3988
3989
3941
3942
3943
3710
60 12
4825
4708
4803
4665
4826
4664
4763
4762
4761
4760
4713
4712
61 36
1435
1127
1128
1322
1323
1324
1325
1326
1327
1358
1328
1329
1330
1136
1331
1332
1103
1333
1334
1335
1336
1337
1338
1339
1378
1388
1051
1006
1287
1011
4833
12
11
10
9
26
62 29
2124
2125
2126
1116
1184
1181
1159
1236
1071
1072
1256
1280
4622
4795
4794
4793
4651
4792
4791
4829
4755
4873
4828
4756
4827
4871
4826
4789
4790
63 33
4057
3602
3603
3611
3604
3605
3606
3706
3902
4138
3705
3704
3852
3853
4136
58
4081
3409
4333
3279
4037
3217
3218
3095
3275
3156
3276
3277
3100
3099
3082
3441
3083
64 15
1932
1931
1930
1934
2122
1964
2061
4430
4614
1927
4611
1589
1890
1488
5504