0 6
689 10494 11507 69 17493 11186 
1 8
13179 8257 15925 10097 1339 12009 5971 6651 
2 5
10333 2704 15055 5450 12228 
3 4
276 10611 6399 1237 
4 14
14575 14582 10999 1045 5576 14410 2221 10370 13458 13375 10998 5900 9088 9333 
5 7
18063 17850 6712 9100 8837 17821 5566 
6 14
3629 2298 18419 9748 8281 15187 4868 8615 6048 3946 5656 9133 10627 2439 
7 13
16008 3778 864 6904 15097 9169 18335 15480 18481 3044 11669 10069 3766 
8 17
10123 15278 18391 5762 11670 1073 16087 11516 6679 12835 1806 13895 14976 10712 5747 9554 1260 
9 6
6020 2489 17701 13995 5791 13877 
10 4
13877 5791 13285 1588 
11 12
4319 7264 4094 9169 15097 6904 864 3778 7236 14414 2497 13324 
12 7
11123 2024 9272 10131 10342 15443 1583 
13 12
12623 14876 1888 5864 12258 16402 7399 8575 3433 5808 12418 5655 
14 30
9343 4168 14147 9050 3115 13097 8427 13048 9567 709 14234 14227 3151 17895 10690 17939 14231 3183 8205 15517 1921 9147 8430 8520 17602 17946 3226 7046 2455 8970 
15 8
6462 13084 10645 7185 3051 5450 15055 2704 
16 17
11738 10180 7168 4646 13206 10296 8783 5152 16096 12144 15426 18212 2787 4118 5418 6750 2773 
17 9
11304 12431 8427 13097 3115 9050 14147 4168 9343 
18 17
10230 2183 5886 5209 3907 10071 4255 4576 10231 4745 9034 11396 510 10727 13120 14638 9293 
19 15
2060 5134 16241 15513 11866 3077 15747 10022 10318 14055 14545 228 10395 5078 14899 
20 22
10520 13525 13181 6150 15120 14578 1234 2908 2953 3039 9596 11112 10107 5785 5262 17271 4392 4578 15334 9031 4579 17085 
21 14
7864 2631 1643 9837 1220 405 6819 8097 6037 5174 3850 16570 11901 1336 
22 18
5183 708 4933 3015 9942 1880 11796 13827 12668 498 7159 18469 17279 11348 12319 6320 14321 16398 
23 22
15451 2999 13421 4116 12319 11348 17279 16024 7085 16705 8719 11158 10330 2041 2558 1183 2478 2915 12941 7895 2809 5991 
24 31
17810 4682 8539 15289 12159 13157 1710 12814 1786 1294 18276 197 685 5868 9516 17576 778 937 457 2125 13214 18292 8915 9615 11548 1821 11586 10320 14134 16062 2857 
25 19
6670 9554 5747 10712 8817 5475 4186 5037 17869 10219 5440 13563 17303 10899 7168 2505 7277 11279 7077 
26 10
6160 11190 11396 9034 4745 10231 4576 4255 16753 2178 
27 26
9343 4168 14147 9050 3115 8705 8598 8434 5650 5464 5419 5046 4917 4861 7259 4403 4140 3994 1037 5391 3174 15397 9776 4286 14214 8847 
28 20
17027 9135 13022 6369 7650 18003 2296 18476 4404 4326 9437 5473 2705 2509 1929 17132 12615 8433 16163 17220 
29 17
3629 2298 18419 9748 1696 11683 5678 2736 7876 1131 10775 13304 8841 2683 9532 14356 14122 
30 7
2183 5886 5209 3907 10071 4255 11372 
31 10
12743 4809 17077 3656 12796 10585 2543 2859 13841 12920 
32 13
15846 5786 9027 15594 855 7801 3801 6253 9076 14417 10638 13392 767 
33 26
14568 8511 2419 13543 3287 12519 5209 3907 10071 4255 4576 10231 4745 1987 1673 974 488 15320 13967 16477 4069 17989 10780 5341 2940 4356 
34 19
11181 3319 6321 14467 18496 10135 4003 7177 12083 15404 11348 12319 6320 14321 16398 18322 14379 6694 3296 
35 36
6058 5229 735 12986 3859 3575 13334 8922 10143 5644 3705 4589 6129 12495 16614 13416 16008 7236 3778 864 6904 15097 9169 4094 17174 15800 15090 473 1663 17464 17924 944 9180 1523 16415 8857 
36 20
2189 17661 18043 16787 9338 4326 16122 4992 10122 13632 16127 2666 2747 1925 7206 2803 9590 16445 2117 13197 
37 24
6160 11190 11396 17854 4069 17989 10780 17899 11861 17820 4248 7130 876 1146 1131 7876 2736 5678 11683 1696 9748 18419 2298 3629 
38 27
17885 17761 9239 16495 638 9608 2207 11191 505 16380 5279 5051 12456 16146 4504 13103 13264 12130 2288 10955 7644 7963 6910 6662 15025 9135 17027 
39 4
18292 8915 8594 6504 
40 33
15772 14549 1835 3085 1293 6504 8594 9615 8915 18292 13214 2125 457 937 778 17576 9516 5868 685 197 18276 1294 1786 12814 1710 13157 12159 15289 5319 1487 9018 5257 14218 
41 8
2373 5341 10780 12857 17541 1525 1679 1684 
42 11
17733 10681 11294 5734 13760 16227 2452 11880 16758 3146 9827 
43 31
16791 11804 472 15176 4435 13395 4670 16156 6508 4188 9346 17813 17632 11859 7541 207 14018 8260 6065 17117 16642 5297 11317 12418 5808 3433 8575 7399 16402 12258 6202 
44 7
17027 9135 13022 1870 13197 13567 18372 
45 19
15474 3136 9560 14971 6421 2430 14358 9022 13137 17987 742 4666 3910 14509 3471 14934 18094 2071 18157 
46 4
1588 11967 15555 849 
47 8
1226 8774 7314 3464 1215 10333 2704 15055 
48 18
1733 550 18064 14201 7017 6834 6818 5561 5058 18471 7332 1286 16755 8100 14060 18416 10233 2748 
49 23
17220 4658 13494 14057 6727 4008 11109 18150 6339 16455 9238 8950 9619 16003 8746 11738 10180 7168 2505 7277 11279 7077 3041 
50 21
12179 10230 2183 5886 5209 3907 10071 4255 4576 10231 4745 1987 1673 974 488 16142 15188 550 7880 4995 9077 
51 27
17885 17761 9239 16495 638 9608 2207 11191 505 16380 5279 5051 1657 17919 14066 9842 1792 15629 5707 13554 13497 7639 4336 15401 11868 6059 13589 
52 10
764 4500 10819 3967 17567 10615 4914 12319 4116 13421 
53 5
7175 2059 10614 10529 2027